start,source,z,w1,link,dest,psize,w2
0.00485,vm_11,0,1,flow_179,vm_15,51751,1
0.010073,vm_14,0,1,flow_221,vm_11,98078,1
0.014527,vm_11,0,1,flow_168,vm_3,27675,1
0.023856,vm_7,0,1,flow_118,vm_14,21099,1
0.033974,vm_1,0,1,flow_26,vm_12,58813,1
0.033983,vm_0,0,1,flow_4,vm_5,10732,1
0.036383,vm_1,0,1,flow_19,vm_5,68294,1
0.038434,vm_14,0,1,flow_216,vm_6,58033,1
0.040276,vm_0,0,1,flow_12,vm_13,33183,1
0.050251,vm_7,0,1,flow_119,vm_15,14583,1
0.053664,vm_11,0,1,flow_165,vm_0,27755,1
0.0555,vm_7,0,1,flow_119,vm_15,15962,1
0.063353,vm_15,0,1,flow_233,vm_8,97012,1
0.06402,vm_11,0,1,flow_170,vm_5,23095,1
0.068183,vm_4,0,1,flow_66,vm_7,44929,1
0.068583,vm_0,0,1,flow_4,vm_5,72472,1
0.069648,vm_11,0,1,flow_176,vm_12,58770,1
0.076292,vm_11,0,1,flow_166,vm_1,68888,1
0.080776,vm_6,0,1,flow_94,vm_4,24037,1
0.085406,vm_10,0,1,flow_152,vm_2,64494,1
0.086158,vm_7,0,1,flow_110,vm_5,73669,1
0.092105,vm_9,0,1,flow_146,vm_12,47134,1
0.096042,vm_7,0,1,flow_112,vm_8,48719,1
0.103619,vm_10,0,1,flow_161,vm_12,98150,1
0.105836,vm_11,0,1,flow_173,vm_8,10858,1
0.111268,vm_10,0,1,flow_164,vm_15,60552,1
0.113554,vm_5,0,1,flow_83,vm_9,73458,1
0.123961,vm_0,0,1,flow_0,vm_1,29614,1
0.125188,vm_11,0,1,flow_175,vm_10,73893,1
0.145617,vm_13,0,1,flow_196,vm_1,19378,1
0.150493,vm_3,0,1,flow_46,vm_1,52395,1
0.153737,vm_6,0,1,flow_102,vm_13,20836,1
0.156448,vm_0,0,1,flow_4,vm_5,43625,1
0.158855,vm_11,0,1,flow_177,vm_13,70077,1
0.163354,vm_7,0,1,flow_105,vm_0,10255,1
0.164727,vm_5,0,1,flow_86,vm_12,20982,1
0.172549,vm_11,0,1,flow_178,vm_14,49676,1
0.174701,vm_13,0,1,flow_209,vm_15,69977,1
0.178288,vm_3,0,1,flow_56,vm_12,88465,1
0.179545,vm_0,0,1,flow_12,vm_13,25504,1
0.181188,vm_11,0,1,flow_173,vm_8,75399,1
0.188766,vm_11,0,1,flow_177,vm_13,26229,1
0.191075,vm_14,0,1,flow_224,vm_15,78998,1
0.192269,vm_0,0,1,flow_12,vm_13,10074,1
0.195648,vm_6,0,1,flow_97,vm_8,37496,1
0.197561,vm_9,0,1,flow_145,vm_11,13246,1
0.199541,vm_7,0,1,flow_117,vm_13,76179,1
0.209023,vm_14,0,1,flow_218,vm_8,11724,1
0.210029,vm_0,0,1,flow_13,vm_14,70098,1
0.211869,vm_6,0,1,flow_91,vm_1,50625,1
0.219583,vm_5,0,1,flow_80,vm_6,14322,1
0.221184,vm_2,0,1,flow_44,vm_15,28099,1
0.227266,vm_4,0,1,flow_70,vm_11,57509,1
0.228947,vm_11,0,1,flow_173,vm_8,36913,1
0.233694,vm_13,0,1,flow_203,vm_8,12080,1
0.234511,vm_0,0,1,flow_10,vm_11,53617,1
0.242206,vm_10,0,1,flow_150,vm_0,18073,1
0.243621,vm_5,0,1,flow_75,vm_0,43601,1
0.250357,vm_11,0,1,flow_173,vm_8,10636,1
0.258166,vm_5,0,1,flow_87,vm_13,17027,1
0.259156,vm_5,0,1,flow_77,vm_2,13444,1
0.261457,vm_8,0,1,flow_121,vm_1,51731,1
0.265187,vm_7,0,1,flow_116,vm_12,59720,1
0.269757,vm_6,0,1,flow_97,vm_8,14453,1
0.270923,vm_7,0,1,flow_109,vm_4,29327,1
0.272311,vm_6,0,1,flow_104,vm_15,63813,1
0.285227,vm_11,0,1,flow_169,vm_4,76924,1
0.287102,vm_6,0,1,flow_96,vm_7,13111,1
0.287242,vm_13,0,1,flow_207,vm_12,84978,1
0.287544,vm_5,0,1,flow_88,vm_14,21509,1
0.289968,vm_0,0,1,flow_11,vm_12,12917,1
0.293797,vm_0,0,1,flow_0,vm_1,40527,1
0.297812,vm_0,0,1,flow_6,vm_7,17602,1
0.29834,vm_6,0,1,flow_93,vm_3,66964,1
0.305221,vm_0,0,1,flow_7,vm_8,17586,1
0.31007,vm_5,0,1,flow_76,vm_1,51216,1
0.314523,vm_5,0,1,flow_76,vm_1,33663,1
0.315728,vm_4,0,1,flow_67,vm_8,60999,1
0.318309,vm_6,0,1,flow_102,vm_13,11458,1
0.320454,vm_0,0,1,flow_4,vm_5,57917,1
0.324399,vm_6,0,1,flow_100,vm_11,52843,1
0.330074,vm_11,0,1,flow_177,vm_13,88885,1
0.332867,vm_9,0,1,flow_143,vm_8,22073,1
0.336674,vm_6,0,1,flow_91,vm_1,20977,1
0.33678,vm_12,0,1,flow_187,vm_7,25082,1
0.339329,vm_4,0,1,flow_71,vm_12,35229,1
0.339842,vm_13,0,1,flow_199,vm_4,92708,1
0.340754,vm_0,0,1,flow_7,vm_8,18513,1
0.341086,vm_11,0,1,flow_175,vm_10,12708,1
0.34465,vm_13,0,1,flow_202,vm_7,68616,1
0.346418,vm_9,0,1,flow_135,vm_0,44905,1
0.34742,vm_11,0,1,flow_170,vm_5,22322,1
0.348814,vm_4,0,1,flow_60,vm_0,58369,1
0.357507,vm_2,0,1,flow_30,vm_0,59251,1
0.364559,vm_0,0,1,flow_14,vm_15,41898,1
0.385892,vm_0,0,1,flow_13,vm_14,36373,1
0.388377,vm_4,0,1,flow_74,vm_15,28772,1
0.401173,vm_10,0,1,flow_164,vm_15,20625,1
0.410717,vm_11,0,1,flow_165,vm_0,40324,1
0.413047,vm_11,0,1,flow_178,vm_14,17119,1
0.420562,vm_5,0,1,flow_75,vm_0,92334,1
0.422684,vm_15,0,1,flow_225,vm_0,35563,1
0.434869,vm_0,0,1,flow_6,vm_7,11717,1
0.44059,vm_0,0,1,flow_8,vm_9,15398,1
0.452884,vm_10,0,1,flow_150,vm_0,14473,1
0.462483,vm_5,0,1,flow_89,vm_15,93781,1
0.467863,vm_12,0,1,flow_180,vm_0,99414,1
0.473718,vm_12,0,1,flow_180,vm_0,77072,1
0.476224,vm_0,0,1,flow_10,vm_11,65770,1
0.481343,vm_10,0,1,flow_161,vm_12,54475,1
0.493022,vm_6,0,1,flow_104,vm_15,27180,1
0.49677,vm_7,0,1,flow_106,vm_1,14938,1
0.520557,vm_11,0,1,flow_169,vm_4,72516,1
0.522317,vm_14,0,1,flow_222,vm_12,46381,1
0.524488,vm_0,0,1,flow_11,vm_12,16869,1
0.52922,vm_0,0,1,flow_4,vm_5,73065,1
0.536625,vm_11,0,1,flow_177,vm_13,30610,1
0.539012,vm_4,0,1,flow_67,vm_8,11663,1
0.540107,vm_6,0,1,flow_95,vm_5,49615,1
0.540975,vm_10,0,1,flow_158,vm_8,10999,1
0.544276,vm_6,0,1,flow_98,vm_9,86105,1
0.549996,vm_15,0,1,flow_237,vm_12,19866,1
0.559797,vm_0,0,1,flow_1,vm_2,12887,1
0.562364,vm_6,0,1,flow_99,vm_10,17693,1
0.563336,vm_7,0,1,flow_117,vm_13,64786,1
0.566161,vm_2,0,1,flow_41,vm_12,15444,1
0.568446,vm_2,0,1,flow_30,vm_0,52695,1
0.583923,vm_6,0,1,flow_97,vm_8,19611,1
0.584829,vm_4,0,1,flow_62,vm_2,43228,1
0.590602,vm_6,0,1,flow_103,vm_14,20042,1
0.600898,vm_6,0,1,flow_102,vm_13,50406,1
0.604844,vm_1,0,1,flow_15,vm_0,14846,1
0.607618,vm_7,0,1,flow_110,vm_5,10966,1
0.611997,vm_3,0,1,flow_51,vm_7,44132,1
0.61564,vm_13,0,1,flow_208,vm_14,15084,1
0.630078,vm_0,0,1,flow_7,vm_8,18350,1
0.632505,vm_1,0,1,flow_29,vm_15,90876,1
0.637105,vm_0,0,1,flow_11,vm_12,23076,1
0.644422,vm_2,0,1,flow_30,vm_0,98446,1
0.651376,vm_6,0,1,flow_95,vm_5,16794,1
0.652544,vm_11,0,1,flow_178,vm_14,17060,1
0.653879,vm_11,0,1,flow_167,vm_2,14153,1
0.66901,vm_12,0,1,flow_193,vm_14,27862,1
0.670885,vm_1,0,1,flow_29,vm_15,17623,1
0.693926,vm_10,0,1,flow_158,vm_8,97084,1
0.697246,vm_6,0,1,flow_94,vm_4,38343,1
0.700267,vm_3,0,1,flow_47,vm_2,27684,1
0.704006,vm_2,0,1,flow_41,vm_12,31747,1
0.704425,vm_0,0,1,flow_0,vm_1,10571,1
0.707387,vm_11,0,1,flow_174,vm_9,41191,1
0.707753,vm_8,0,1,flow_123,vm_3,46650,1
0.716078,vm_0,0,1,flow_11,vm_12,49712,1
0.726533,vm_0,0,1,flow_11,vm_12,15799,1
0.726889,vm_5,0,1,flow_76,vm_1,10008,1
0.728828,vm_0,0,1,flow_8,vm_9,11687,1
0.733499,vm_13,0,1,flow_195,vm_0,32060,1
0.736444,vm_0,0,1,flow_12,vm_13,12553,1
0.737265,vm_7,0,1,flow_112,vm_8,20436,1
0.748981,vm_5,0,1,flow_80,vm_6,11827,1
0.750531,vm_10,0,1,flow_157,vm_7,31772,1
0.756076,vm_1,0,1,flow_15,vm_0,23383,1
0.756475,vm_12,0,1,flow_194,vm_15,13864,1
0.756649,vm_11,0,1,flow_171,vm_6,15617,1
0.760091,vm_6,0,1,flow_99,vm_10,31196,1
0.76021,vm_1,0,1,flow_29,vm_15,50895,1
0.762627,vm_0,0,1,flow_3,vm_4,40959,1
0.773578,vm_1,0,1,flow_26,vm_12,18654,1
0.780851,vm_5,0,1,flow_87,vm_13,43123,1
0.79063,vm_10,0,1,flow_154,vm_4,31479,1
0.792635,vm_6,0,1,flow_92,vm_2,45343,1
0.797537,vm_11,0,1,flow_179,vm_15,10286,1
0.813324,vm_1,0,1,flow_29,vm_15,56990,1
0.813929,vm_8,0,1,flow_130,vm_11,37380,1
0.815696,vm_13,0,1,flow_203,vm_8,98858,1
0.820987,vm_5,0,1,flow_86,vm_12,11673,1
0.821923,vm_6,0,1,flow_97,vm_8,19370,1
0.823476,vm_11,0,1,flow_171,vm_6,17764,1
0.824001,vm_6,0,1,flow_102,vm_13,80292,1
0.827299,vm_2,0,1,flow_41,vm_12,27605,1
0.82742,vm_11,0,1,flow_176,vm_12,25323,1
0.839152,vm_0,0,1,flow_4,vm_5,29629,1
0.841751,vm_11,0,1,flow_177,vm_13,32566,1
0.847507,vm_0,0,1,flow_5,vm_6,18253,1
0.854347,vm_6,0,1,flow_90,vm_0,12755,1
0.862325,vm_11,0,1,flow_167,vm_2,29874,1
0.864942,vm_5,0,1,flow_83,vm_9,14835,1
0.8748,vm_3,0,1,flow_59,vm_15,11539,1
0.878518,vm_12,0,1,flow_180,vm_0,48299,1
0.878874,vm_1,0,1,flow_26,vm_12,44807,1
0.879635,vm_4,0,1,flow_60,vm_0,46991,1
0.882663,vm_14,0,1,flow_224,vm_15,43623,1
0.903403,vm_0,0,1,flow_6,vm_7,81664,1
0.9066,vm_14,0,1,flow_224,vm_15,34752,1
0.915156,vm_6,0,1,flow_103,vm_14,59663,1
0.921447,vm_6,0,1,flow_95,vm_5,78773,1
0.933396,vm_6,0,1,flow_97,vm_8,12584,1
0.941974,vm_5,0,1,flow_78,vm_3,22476,1
0.943197,vm_10,0,1,flow_161,vm_12,93505,1
0.945122,vm_5,0,1,flow_84,vm_10,43793,1
0.949032,vm_8,0,1,flow_134,vm_15,16762,1
0.955063,vm_1,0,1,flow_22,vm_8,32215,1
0.961574,vm_5,0,1,flow_80,vm_6,14618,1
0.965758,vm_5,0,1,flow_89,vm_15,23481,1
0.979016,vm_6,0,1,flow_95,vm_5,23656,1
0.980958,vm_0,0,1,flow_3,vm_4,41271,1
0.990533,vm_9,0,1,flow_146,vm_12,28683,1
0.995991,vm_4,0,1,flow_71,vm_12,19135,1
0.997093,vm_10,0,1,flow_161,vm_12,46381,1
0.997141,vm_13,0,1,flow_209,vm_15,30571,1
1.013844,vm_14,0,1,flow_210,vm_0,12604,1
1.017211,vm_4,0,1,flow_71,vm_12,46297,1
1.017801,vm_7,0,1,flow_112,vm_8,65280,1
1.019722,vm_5,0,1,flow_77,vm_2,76087,1
1.038475,vm_5,0,1,flow_83,vm_9,67647,1
1.039129,vm_9,0,1,flow_147,vm_13,16842,1
1.039157,vm_9,0,1,flow_146,vm_12,10827,1
1.042368,vm_5,0,1,flow_89,vm_15,77655,1
1.042564,vm_3,0,1,flow_45,vm_0,98817,1
1.050055,vm_11,0,1,flow_168,vm_3,57647,1
1.050758,vm_7,0,1,flow_117,vm_13,25305,1
1.07086,vm_6,0,1,flow_96,vm_7,23701,1
1.078848,vm_12,0,1,flow_188,vm_8,74876,1
1.079128,vm_3,0,1,flow_45,vm_0,70691,1
1.084057,vm_1,0,1,flow_29,vm_15,39057,1
1.084541,vm_12,0,1,flow_188,vm_8,65473,1
1.088285,vm_6,0,1,flow_99,vm_10,20154,1
1.089449,vm_3,0,1,flow_45,vm_0,30650,1
1.091434,vm_10,0,1,flow_161,vm_12,14592,1
1.095321,vm_14,0,1,flow_211,vm_1,14479,1
1.095653,vm_5,0,1,flow_88,vm_14,16032,1
1.105895,vm_11,0,1,flow_169,vm_4,59461,1
1.116551,vm_4,0,1,flow_67,vm_8,40332,1
1.117051,vm_6,0,1,flow_98,vm_9,56993,1
1.120026,vm_6,0,1,flow_96,vm_7,31045,1
1.128956,vm_14,0,1,flow_218,vm_8,51896,1
1.129793,vm_14,0,1,flow_219,vm_9,10793,1
1.139586,vm_11,0,1,flow_177,vm_13,54965,1
1.142326,vm_0,0,1,flow_2,vm_3,33658,1
1.14805,vm_6,0,1,flow_104,vm_15,34014,1
1.148883,vm_4,0,1,flow_61,vm_1,89443,1
1.162635,vm_13,0,1,flow_207,vm_12,38105,1
1.162849,vm_11,0,1,flow_167,vm_2,88694,1
1.163838,vm_0,0,1,flow_1,vm_2,58435,1
1.165085,vm_0,0,1,flow_0,vm_1,26582,1
1.169492,vm_12,0,1,flow_190,vm_10,59700,1
1.170007,vm_15,0,1,flow_225,vm_0,69900,1
1.17394,vm_14,0,1,flow_212,vm_2,22204,1
1.175166,vm_0,0,1,flow_11,vm_12,33020,1
1.179019,vm_3,0,1,flow_52,vm_8,12929,1
1.180687,vm_8,0,1,flow_122,vm_2,33714,1
1.188021,vm_0,0,1,flow_1,vm_2,18445,1
1.188436,vm_6,0,1,flow_97,vm_8,25483,1
1.200451,vm_11,0,1,flow_178,vm_14,82373,1
1.202476,vm_15,0,1,flow_233,vm_8,11629,1
1.20679,vm_6,0,1,flow_95,vm_5,18456,1
1.21077,vm_0,0,1,flow_8,vm_9,23138,1
1.223233,vm_15,0,1,flow_235,vm_10,47951,1
1.234745,vm_0,0,1,flow_4,vm_5,16759,1
1.234887,vm_8,0,1,flow_134,vm_15,71553,1
1.247043,vm_11,0,1,flow_166,vm_1,42157,1
1.247747,vm_2,0,1,flow_37,vm_8,12714,1
1.248478,vm_10,0,1,flow_153,vm_3,49997,1
1.251314,vm_4,0,1,flow_67,vm_8,45330,1
1.254409,vm_0,0,1,flow_11,vm_12,27334,1
1.255974,vm_9,0,1,flow_146,vm_12,21314,1
1.256316,vm_10,0,1,flow_150,vm_0,13379,1
1.265679,vm_5,0,1,flow_88,vm_14,68789,1
1.268523,vm_0,0,1,flow_10,vm_11,67091,1
1.27532,vm_3,0,1,flow_49,vm_5,22554,1
1.277588,vm_10,0,1,flow_150,vm_0,32258,1
1.282604,vm_11,0,1,flow_168,vm_3,97232,1
1.293405,vm_2,0,1,flow_39,vm_10,29621,1
1.296506,vm_14,0,1,flow_210,vm_0,28169,1
1.304602,vm_10,0,1,flow_164,vm_15,23812,1
1.306108,vm_6,0,1,flow_103,vm_14,14418,1
1.306683,vm_11,0,1,flow_172,vm_7,41674,1
1.32518,vm_8,0,1,flow_126,vm_6,77062,1
1.33585,vm_6,0,1,flow_97,vm_8,23672,1
1.338813,vm_2,0,1,flow_37,vm_8,41636,1
1.339015,vm_5,0,1,flow_78,vm_3,30105,1
1.353088,vm_0,0,1,flow_11,vm_12,35988,1
1.367279,vm_4,0,1,flow_67,vm_8,26245,1
1.371789,vm_1,0,1,flow_26,vm_12,26911,1
1.372712,vm_5,0,1,flow_83,vm_9,40114,1
1.375732,vm_6,0,1,flow_90,vm_0,79415,1
1.410651,vm_9,0,1,flow_148,vm_14,17697,1
1.413409,vm_11,0,1,flow_178,vm_14,89414,1
1.425848,vm_7,0,1,flow_119,vm_15,22489,1
1.427878,vm_11,0,1,flow_174,vm_9,88628,1
1.429464,vm_14,0,1,flow_221,vm_11,17350,1
1.448751,vm_5,0,1,flow_75,vm_0,80714,1
1.455589,vm_5,0,1,flow_80,vm_6,15098,1
1.456096,vm_11,0,1,flow_176,vm_12,32246,1
1.469493,vm_1,0,1,flow_26,vm_12,12690,1
1.470422,vm_5,0,1,flow_83,vm_9,20295,1
1.473083,vm_15,0,1,flow_233,vm_8,12996,1
1.477484,vm_0,0,1,flow_11,vm_12,94272,1
1.49398,vm_4,0,1,flow_74,vm_15,51374,1
1.494701,vm_1,0,1,flow_20,vm_6,22174,1
1.501911,vm_11,0,1,flow_175,vm_10,27291,1
1.503803,vm_6,0,1,flow_102,vm_13,77594,1
1.514408,vm_11,0,1,flow_174,vm_9,49835,1
1.51525,vm_11,0,1,flow_173,vm_8,70050,1
1.516562,vm_5,0,1,flow_81,vm_7,87099,1
1.516729,vm_5,0,1,flow_81,vm_7,34207,1
1.529113,vm_10,0,1,flow_160,vm_11,25083,1
1.536157,vm_6,0,1,flow_92,vm_2,25816,1
1.536801,vm_3,0,1,flow_59,vm_15,18865,1
1.53979,vm_12,0,1,flow_180,vm_0,16485,1
1.564645,vm_6,0,1,flow_103,vm_14,17476,1
1.568713,vm_9,0,1,flow_138,vm_3,72425,1
1.583704,vm_14,0,1,flow_223,vm_13,13692,1
1.587942,vm_0,0,1,flow_6,vm_7,28455,1
1.588584,vm_4,0,1,flow_67,vm_8,27205,1
1.603143,vm_0,0,1,flow_2,vm_3,20021,1
1.607811,vm_6,0,1,flow_96,vm_7,31560,1
1.618807,vm_6,0,1,flow_97,vm_8,21950,1
1.618843,vm_6,0,1,flow_93,vm_3,61382,1
1.623896,vm_1,0,1,flow_15,vm_0,91563,1
1.627419,vm_14,0,1,flow_217,vm_7,92246,1
1.633599,vm_3,0,1,flow_57,vm_13,99484,1
1.638037,vm_11,0,1,flow_177,vm_13,37768,1
1.638629,vm_3,0,1,flow_45,vm_0,29322,1
1.642716,vm_0,0,1,flow_12,vm_13,89690,1
1.645116,vm_0,0,1,flow_14,vm_15,12427,1
1.650635,vm_6,0,1,flow_90,vm_0,30397,1
1.652024,vm_0,0,1,flow_3,vm_4,51690,1
1.653941,vm_5,0,1,flow_85,vm_11,25601,1
1.654788,vm_15,0,1,flow_237,vm_12,43408,1
1.655976,vm_14,0,1,flow_218,vm_8,53148,1
1.656859,vm_11,0,1,flow_178,vm_14,52942,1
1.657523,vm_11,0,1,flow_176,vm_12,26142,1
1.660152,vm_6,0,1,flow_91,vm_1,91800,1
1.676383,vm_6,0,1,flow_94,vm_4,78589,1
1.682897,vm_0,0,1,flow_11,vm_12,53266,1
1.691371,vm_3,0,1,flow_52,vm_8,15078,1
1.702893,vm_8,0,1,flow_123,vm_3,11349,1
1.70456,vm_9,0,1,flow_141,vm_6,35286,1
1.715811,vm_0,0,1,flow_6,vm_7,50856,1
1.722293,vm_5,0,1,flow_77,vm_2,88916,1
1.722416,vm_5,0,1,flow_76,vm_1,11665,1
1.749656,vm_9,0,1,flow_143,vm_8,75941,1
1.755599,vm_9,0,1,flow_149,vm_15,19788,1
1.765013,vm_0,0,1,flow_3,vm_4,76621,1
1.767066,vm_12,0,1,flow_180,vm_0,14900,1
1.767736,vm_6,0,1,flow_99,vm_10,14932,1
1.775059,vm_6,0,1,flow_96,vm_7,14108,1
1.783251,vm_7,0,1,flow_111,vm_6,94415,1
1.791653,vm_9,0,1,flow_149,vm_15,65041,1
1.792647,vm_5,0,1,flow_75,vm_0,76317,1
1.792677,vm_15,0,1,flow_225,vm_0,12837,1
1.794394,vm_4,0,1,flow_60,vm_0,19282,1
1.795046,vm_12,0,1,flow_185,vm_5,86287,1
1.797018,vm_11,0,1,flow_171,vm_6,29905,1
1.803225,vm_0,0,1,flow_2,vm_3,24482,1
1.807621,vm_2,0,1,flow_37,vm_8,23777,1
1.813724,vm_1,0,1,flow_15,vm_0,16811,1
1.82274,vm_5,0,1,flow_81,vm_7,27218,1
1.837321,vm_11,0,1,flow_169,vm_4,12190,1
1.840993,vm_6,0,1,flow_100,vm_11,12869,1
1.844738,vm_1,0,1,flow_15,vm_0,41984,1
1.852703,vm_6,0,1,flow_102,vm_13,21972,1
1.864576,vm_14,0,1,flow_218,vm_8,13786,1
1.873908,vm_7,0,1,flow_105,vm_0,22889,1
1.877725,vm_5,0,1,flow_85,vm_11,10522,1
1.877811,vm_11,0,1,flow_172,vm_7,88111,1
1.880552,vm_0,0,1,flow_14,vm_15,36049,1
1.889999,vm_5,0,1,flow_85,vm_11,32348,1
1.891326,vm_15,0,1,flow_225,vm_0,34814,1
1.90109,vm_4,0,1,flow_74,vm_15,47774,1
1.901714,vm_0,0,1,flow_2,vm_3,19295,1
1.908421,vm_0,0,1,flow_6,vm_7,48699,1
1.914917,vm_0,0,1,flow_11,vm_12,22022,1
1.91822,vm_5,0,1,flow_82,vm_8,26819,1
1.93078,vm_3,0,1,flow_56,vm_12,10835,1
1.940156,vm_0,0,1,flow_8,vm_9,23078,1
1.942227,vm_6,0,1,flow_104,vm_15,47090,1
1.942265,vm_4,0,1,flow_71,vm_12,64891,1
1.944119,vm_0,0,1,flow_14,vm_15,28058,1
1.94432,vm_1,0,1,flow_15,vm_0,20526,1
1.944574,vm_0,0,1,flow_12,vm_13,42580,1
1.945108,vm_9,0,1,flow_146,vm_12,25651,1
1.945954,vm_4,0,1,flow_72,vm_13,17136,1
1.950234,vm_11,0,1,flow_176,vm_12,33953,1
1.95322,vm_13,0,1,flow_203,vm_8,83196,1
1.963547,vm_14,0,1,flow_224,vm_15,12246,1
1.969028,vm_14,0,1,flow_210,vm_0,36396,1
1.97342,vm_0,0,1,flow_1,vm_2,12986,1
1.975791,vm_3,0,1,flow_50,vm_6,41446,1
1.982876,vm_1,0,1,flow_26,vm_12,14751,1
1.997422,vm_13,0,1,flow_207,vm_12,92413,1
1.99832,vm_8,0,1,flow_132,vm_13,42157,1
2.013379,vm_12,0,1,flow_188,vm_8,33360,1
2.016165,vm_0,0,1,flow_11,vm_12,43729,1
2.016834,vm_1,0,1,flow_26,vm_12,10906,1
2.017813,vm_0,0,1,flow_2,vm_3,10002,1
2.018937,vm_11,0,1,flow_177,vm_13,10950,1
2.022054,vm_1,0,1,flow_22,vm_8,21881,1
2.029836,vm_11,0,1,flow_175,vm_10,22826,1
2.038909,vm_3,0,1,flow_50,vm_6,11819,1
2.041023,vm_0,0,1,flow_0,vm_1,12894,1
2.046815,vm_0,0,1,flow_6,vm_7,13843,1
2.047102,vm_6,0,1,flow_101,vm_12,18052,1
2.047914,vm_4,0,1,flow_67,vm_8,46774,1
2.048064,vm_15,0,1,flow_230,vm_5,56158,1
2.049021,vm_11,0,1,flow_169,vm_4,55337,1
2.053288,vm_9,0,1,flow_138,vm_3,32644,1
2.056908,vm_5,0,1,flow_86,vm_12,50009,1
2.064564,vm_12,0,1,flow_180,vm_0,48181,1
2.066153,vm_4,0,1,flow_63,vm_3,11751,1
2.066984,vm_5,0,1,flow_86,vm_12,16412,1
2.067759,vm_5,0,1,flow_84,vm_10,49031,1
2.06785,vm_5,0,1,flow_75,vm_0,33458,1
2.076954,vm_3,0,1,flow_59,vm_15,25821,1
2.081585,vm_12,0,1,flow_180,vm_0,15884,1
2.08591,vm_11,0,1,flow_178,vm_14,35627,1
2.089725,vm_14,0,1,flow_210,vm_0,34747,1
2.093655,vm_4,0,1,flow_74,vm_15,15304,1
2.094225,vm_5,0,1,flow_81,vm_7,34104,1
2.095506,vm_6,0,1,flow_104,vm_15,94249,1
2.096136,vm_5,0,1,flow_80,vm_6,71587,1
2.101644,vm_3,0,1,flow_52,vm_8,10149,1
2.104893,vm_1,0,1,flow_22,vm_8,14313,1
2.108238,vm_6,0,1,flow_100,vm_11,18995,1
2.109611,vm_0,0,1,flow_13,vm_14,17042,1
2.118062,vm_14,0,1,flow_210,vm_0,57117,1
2.122062,vm_0,0,1,flow_10,vm_11,12233,1
2.131892,vm_10,0,1,flow_158,vm_8,12709,1
2.13478,vm_14,0,1,flow_218,vm_8,16565,1
2.134824,vm_5,0,1,flow_76,vm_1,45591,1
2.1367,vm_5,0,1,flow_86,vm_12,10404,1
2.137737,vm_11,0,1,flow_172,vm_7,11922,1
2.137778,vm_3,0,1,flow_59,vm_15,16359,1
2.14555,vm_11,0,1,flow_176,vm_12,15829,1
2.147413,vm_7,0,1,flow_119,vm_15,18523,1
2.169901,vm_0,0,1,flow_10,vm_11,77700,1
2.171115,vm_4,0,1,flow_67,vm_8,24210,1
2.173443,vm_5,0,1,flow_83,vm_9,33233,1
2.1755,vm_11,0,1,flow_167,vm_2,14875,1
2.176991,vm_4,0,1,flow_60,vm_0,56894,1
2.182121,vm_6,0,1,flow_92,vm_2,11750,1
2.208599,vm_5,0,1,flow_78,vm_3,19894,1
2.209321,vm_9,0,1,flow_145,vm_11,14229,1
2.211087,vm_5,0,1,flow_78,vm_3,20669,1
2.216199,vm_12,0,1,flow_180,vm_0,53978,1
2.22501,vm_7,0,1,flow_119,vm_15,13674,1
2.225497,vm_2,0,1,flow_44,vm_15,85689,1
2.226288,vm_14,0,1,flow_210,vm_0,31819,1
2.23379,vm_1,0,1,flow_28,vm_14,19797,1
2.241252,vm_0,0,1,flow_9,vm_10,49376,1
2.242038,vm_5,0,1,flow_84,vm_10,36261,1
2.242494,vm_11,0,1,flow_168,vm_3,44407,1
2.248583,vm_0,0,1,flow_14,vm_15,14135,1
2.250255,vm_12,0,1,flow_194,vm_15,10242,1
2.259874,vm_15,0,1,flow_237,vm_12,51464,1
2.263949,vm_6,0,1,flow_96,vm_7,42287,1
2.264759,vm_4,0,1,flow_74,vm_15,20893,1
2.272016,vm_6,0,1,flow_101,vm_12,35175,1
2.279888,vm_15,0,1,flow_225,vm_0,11624,1
2.282961,vm_5,0,1,flow_78,vm_3,10862,1
2.289281,vm_6,0,1,flow_100,vm_11,26228,1
2.290251,vm_3,0,1,flow_46,vm_1,39157,1
2.290432,vm_10,0,1,flow_156,vm_6,21254,1
2.290569,vm_11,0,1,flow_172,vm_7,62724,1
2.294389,vm_14,0,1,flow_219,vm_9,10020,1
2.296519,vm_5,0,1,flow_89,vm_15,63693,1
2.297472,vm_7,0,1,flow_116,vm_12,10618,1
2.299405,vm_5,0,1,flow_78,vm_3,31873,1
2.306134,vm_6,0,1,flow_103,vm_14,29664,1
2.306312,vm_6,0,1,flow_97,vm_8,21075,1
2.319853,vm_1,0,1,flow_19,vm_5,58430,1
2.325348,vm_13,0,1,flow_198,vm_3,11813,1
2.325528,vm_2,0,1,flow_41,vm_12,14226,1
2.327064,vm_6,0,1,flow_97,vm_8,23815,1
2.34541,vm_15,0,1,flow_237,vm_12,49245,1
2.354396,vm_6,0,1,flow_104,vm_15,73388,1
2.355903,vm_1,0,1,flow_22,vm_8,10862,1
2.35738,vm_9,0,1,flow_135,vm_0,63813,1
2.362903,vm_7,0,1,flow_115,vm_11,12812,1
2.364867,vm_1,0,1,flow_27,vm_13,40311,1
2.376412,vm_6,0,1,flow_95,vm_5,37557,1
2.385241,vm_5,0,1,flow_86,vm_12,16611,1
2.385256,vm_6,0,1,flow_96,vm_7,21324,1
2.387137,vm_8,0,1,flow_131,vm_12,26859,1
2.394437,vm_5,0,1,flow_75,vm_0,33817,1
2.396407,vm_4,0,1,flow_66,vm_7,69595,1
2.400747,vm_7,0,1,flow_105,vm_0,19383,1
2.407812,vm_5,0,1,flow_87,vm_13,10984,1
2.411599,vm_7,0,1,flow_110,vm_5,25288,1
2.413066,vm_1,0,1,flow_17,vm_3,27749,1
2.415005,vm_7,0,1,flow_105,vm_0,15635,1
2.415882,vm_6,0,1,flow_104,vm_15,40032,1
2.42264,vm_0,0,1,flow_13,vm_14,79920,1
2.431491,vm_3,0,1,flow_54,vm_10,14332,1
2.432114,vm_5,0,1,flow_76,vm_1,31927,1
2.441467,vm_7,0,1,flow_105,vm_0,98382,1
2.447218,vm_11,0,1,flow_169,vm_4,26838,1
2.447496,vm_7,0,1,flow_105,vm_0,37917,1
2.456363,vm_7,0,1,flow_119,vm_15,38768,1
2.460366,vm_6,0,1,flow_102,vm_13,20061,1
2.461978,vm_13,0,1,flow_203,vm_8,42681,1
2.464986,vm_7,0,1,flow_119,vm_15,13550,1
2.465272,vm_1,0,1,flow_29,vm_15,42874,1
2.470755,vm_11,0,1,flow_174,vm_9,18901,1
2.472503,vm_5,0,1,flow_86,vm_12,38725,1
2.478357,vm_4,0,1,flow_60,vm_0,61629,1
2.480329,vm_0,0,1,flow_12,vm_13,69132,1
2.481779,vm_2,0,1,flow_37,vm_8,66410,1
2.484204,vm_3,0,1,flow_50,vm_6,53719,1
2.485967,vm_14,0,1,flow_224,vm_15,10503,1
2.490776,vm_7,0,1,flow_105,vm_0,12725,1
2.499527,vm_0,0,1,flow_5,vm_6,53636,1
2.5126,vm_10,0,1,flow_159,vm_9,27439,1
2.518049,vm_6,0,1,flow_97,vm_8,17254,1
2.520694,vm_4,0,1,flow_69,vm_10,26966,1
2.522609,vm_10,0,1,flow_157,vm_7,13371,1
2.526072,vm_8,0,1,flow_131,vm_12,47279,1
2.537838,vm_4,0,1,flow_67,vm_8,60997,1
2.539567,vm_3,0,1,flow_45,vm_0,28043,1
2.547922,vm_11,0,1,flow_177,vm_13,16466,1
2.553247,vm_10,0,1,flow_164,vm_15,64508,1
2.554384,vm_11,0,1,flow_165,vm_0,90440,1
2.555602,vm_10,0,1,flow_150,vm_0,31814,1
2.577435,vm_6,0,1,flow_92,vm_2,24785,1
2.577884,vm_5,0,1,flow_84,vm_10,69475,1
2.578254,vm_0,0,1,flow_4,vm_5,21007,1
2.580849,vm_2,0,1,flow_36,vm_7,56969,1
2.581625,vm_11,0,1,flow_173,vm_8,36548,1
2.582041,vm_6,0,1,flow_98,vm_9,42910,1
2.601921,vm_15,0,1,flow_233,vm_8,33052,1
2.603259,vm_5,0,1,flow_88,vm_14,17287,1
2.605904,vm_6,0,1,flow_97,vm_8,80927,1
2.610258,vm_7,0,1,flow_119,vm_15,44578,1
2.611466,vm_6,0,1,flow_102,vm_13,49415,1
2.615041,vm_5,0,1,flow_84,vm_10,73910,1
2.618998,vm_0,0,1,flow_6,vm_7,13809,1
2.620262,vm_9,0,1,flow_135,vm_0,40330,1
2.624175,vm_3,0,1,flow_59,vm_15,77551,1
2.625783,vm_5,0,1,flow_80,vm_6,21838,1
2.62813,vm_12,0,1,flow_180,vm_0,30342,1
2.635926,vm_7,0,1,flow_112,vm_8,89308,1
2.637368,vm_0,0,1,flow_4,vm_5,21516,1
2.637375,vm_14,0,1,flow_224,vm_15,48299,1
2.647793,vm_2,0,1,flow_41,vm_12,79068,1
2.647798,vm_0,0,1,flow_11,vm_12,40548,1
2.649775,vm_11,0,1,flow_175,vm_10,10653,1
2.650048,vm_3,0,1,flow_56,vm_12,65840,1
2.659835,vm_11,0,1,flow_179,vm_15,20192,1
2.666278,vm_11,0,1,flow_165,vm_0,19962,1
2.667245,vm_0,0,1,flow_2,vm_3,15896,1
2.673702,vm_15,0,1,flow_225,vm_0,13068,1
2.681484,vm_11,0,1,flow_167,vm_2,61441,1
2.683608,vm_10,0,1,flow_161,vm_12,46517,1
2.689687,vm_11,0,1,flow_167,vm_2,12458,1
2.69451,vm_8,0,1,flow_132,vm_13,25650,1
2.694875,vm_5,0,1,flow_77,vm_2,62732,1
2.701419,vm_0,0,1,flow_9,vm_10,37566,1
2.711074,vm_5,0,1,flow_81,vm_7,41117,1
2.714112,vm_0,0,1,flow_7,vm_8,81899,1
2.717306,vm_9,0,1,flow_149,vm_15,44522,1
2.720204,vm_11,0,1,flow_175,vm_10,17684,1
2.726896,vm_13,0,1,flow_204,vm_9,34288,1
2.740026,vm_9,0,1,flow_149,vm_15,98281,1
2.742837,vm_12,0,1,flow_194,vm_15,43972,1
2.743338,vm_5,0,1,flow_78,vm_3,92746,1
2.744101,vm_15,0,1,flow_226,vm_1,11216,1
2.748453,vm_3,0,1,flow_52,vm_8,32276,1
2.749271,vm_8,0,1,flow_131,vm_12,19488,1
2.756909,vm_9,0,1,flow_149,vm_15,38719,1
2.758078,vm_14,0,1,flow_218,vm_8,18565,1
2.761329,vm_9,0,1,flow_146,vm_12,95956,1
2.763323,vm_11,0,1,flow_165,vm_0,28092,1
2.767296,vm_3,0,1,flow_50,vm_6,21565,1
2.767471,vm_6,0,1,flow_99,vm_10,15114,1
2.769416,vm_5,0,1,flow_82,vm_8,99065,1
2.771209,vm_10,0,1,flow_155,vm_5,86532,1
2.773302,vm_15,0,1,flow_225,vm_0,12399,1
2.773892,vm_11,0,1,flow_175,vm_10,62488,1
2.781327,vm_5,0,1,flow_84,vm_10,27475,1
2.784236,vm_3,0,1,flow_59,vm_15,92844,1
2.792143,vm_11,0,1,flow_165,vm_0,41260,1
2.796177,vm_9,0,1,flow_135,vm_0,78380,1
2.80091,vm_3,0,1,flow_52,vm_8,49834,1
2.807645,vm_4,0,1,flow_71,vm_12,93171,1
2.81322,vm_6,0,1,flow_93,vm_3,17747,1
2.814777,vm_11,0,1,flow_165,vm_0,41644,1
2.818666,vm_13,0,1,flow_195,vm_0,35160,1
2.83514,vm_8,0,1,flow_131,vm_12,54365,1
2.843808,vm_11,0,1,flow_168,vm_3,44947,1
2.844755,vm_3,0,1,flow_54,vm_10,20898,1
2.847015,vm_8,0,1,flow_134,vm_15,25625,1
2.849523,vm_0,0,1,flow_12,vm_13,81051,1
2.857269,vm_5,0,1,flow_89,vm_15,54908,1
2.866017,vm_7,0,1,flow_119,vm_15,14374,1
2.866896,vm_3,0,1,flow_51,vm_7,91017,1
2.867753,vm_6,0,1,flow_100,vm_11,15889,1
2.872652,vm_6,0,1,flow_101,vm_12,12243,1
2.873796,vm_0,0,1,flow_2,vm_3,82996,1
2.875203,vm_7,0,1,flow_114,vm_10,36847,1
2.875866,vm_5,0,1,flow_75,vm_0,18309,1
2.879959,vm_6,0,1,flow_100,vm_11,22173,1
2.880932,vm_2,0,1,flow_37,vm_8,95408,1
2.891927,vm_4,0,1,flow_68,vm_9,18055,1
2.899674,vm_12,0,1,flow_180,vm_0,93602,1
2.901679,vm_10,0,1,flow_158,vm_8,49417,1
2.904751,vm_0,0,1,flow_1,vm_2,57251,1
2.906644,vm_6,0,1,flow_97,vm_8,11052,1
2.922762,vm_15,0,1,flow_233,vm_8,29617,1
2.924726,vm_11,0,1,flow_168,vm_3,28331,1
2.92782,vm_9,0,1,flow_149,vm_15,12557,1
2.928134,vm_4,0,1,flow_60,vm_0,37717,1
2.932796,vm_1,0,1,flow_29,vm_15,29949,1
2.937164,vm_4,0,1,flow_63,vm_3,67225,1
2.938545,vm_15,0,1,flow_231,vm_6,31742,1
2.940582,vm_10,0,1,flow_164,vm_15,35813,1
2.948567,vm_1,0,1,flow_22,vm_8,44247,1
2.953388,vm_5,0,1,flow_75,vm_0,24572,1
2.960803,vm_4,0,1,flow_60,vm_0,19051,1
2.977956,vm_10,0,1,flow_158,vm_8,36142,1
2.980123,vm_2,0,1,flow_30,vm_0,37727,1
2.981591,vm_11,0,1,flow_167,vm_2,70884,1
2.988553,vm_7,0,1,flow_112,vm_8,15209,1
2.990838,vm_12,0,1,flow_180,vm_0,24461,1
3.006898,vm_13,0,1,flow_195,vm_0,17317,1
3.012265,vm_14,0,1,flow_223,vm_13,11943,1
3.015909,vm_4,0,1,flow_60,vm_0,24056,1
3.016691,vm_8,0,1,flow_124,vm_4,23650,1
3.032196,vm_5,0,1,flow_89,vm_15,12946,1
3.038601,vm_5,0,1,flow_89,vm_15,18714,1
3.040031,vm_5,0,1,flow_86,vm_12,27357,1
3.046322,vm_13,0,1,flow_195,vm_0,97426,1
3.053031,vm_14,0,1,flow_222,vm_12,23612,1
3.053398,vm_9,0,1,flow_143,vm_8,16066,1
3.054216,vm_5,0,1,flow_81,vm_7,95427,1
3.055501,vm_6,0,1,flow_92,vm_2,13720,1
3.061349,vm_3,0,1,flow_53,vm_9,73912,1
3.069822,vm_15,0,1,flow_235,vm_10,22817,1
3.079455,vm_2,0,1,flow_33,vm_4,64783,1
3.08646,vm_1,0,1,flow_15,vm_0,42349,1
3.093064,vm_6,0,1,flow_96,vm_7,40905,1
3.093993,vm_11,0,1,flow_177,vm_13,24021,1
3.097987,vm_2,0,1,flow_44,vm_15,18216,1
3.102562,vm_9,0,1,flow_145,vm_11,83523,1
3.102895,vm_11,0,1,flow_172,vm_7,16514,1
3.107844,vm_6,0,1,flow_103,vm_14,69153,1
3.111146,vm_3,0,1,flow_52,vm_8,92875,1
3.11153,vm_6,0,1,flow_101,vm_12,99183,1
3.115654,vm_6,0,1,flow_100,vm_11,62048,1
3.121232,vm_5,0,1,flow_82,vm_8,30980,1
3.124905,vm_5,0,1,flow_84,vm_10,32108,1
3.137178,vm_13,0,1,flow_207,vm_12,25634,1
3.138866,vm_5,0,1,flow_86,vm_12,74307,1
3.139049,vm_4,0,1,flow_60,vm_0,10435,1
3.140464,vm_1,0,1,flow_26,vm_12,38244,1
3.141857,vm_9,0,1,flow_149,vm_15,94667,1
3.143217,vm_9,0,1,flow_143,vm_8,16492,1
3.150676,vm_6,0,1,flow_95,vm_5,19174,1
3.151665,vm_11,0,1,flow_177,vm_13,30174,1
3.15561,vm_5,0,1,flow_79,vm_4,17888,1
3.157384,vm_5,0,1,flow_80,vm_6,46922,1
3.157965,vm_2,0,1,flow_44,vm_15,28470,1
3.162169,vm_5,0,1,flow_89,vm_15,14518,1
3.166478,vm_5,0,1,flow_86,vm_12,13649,1
3.169885,vm_6,0,1,flow_93,vm_3,71269,1
3.170526,vm_5,0,1,flow_89,vm_15,83823,1
3.183938,vm_0,0,1,flow_9,vm_10,56080,1
3.188533,vm_6,0,1,flow_91,vm_1,82870,1
3.193105,vm_5,0,1,flow_79,vm_4,71882,1
3.19669,vm_0,0,1,flow_13,vm_14,46932,1
3.198858,vm_0,0,1,flow_11,vm_12,53321,1
3.207443,vm_0,0,1,flow_1,vm_2,40678,1
3.208598,vm_5,0,1,flow_89,vm_15,22619,1
3.209411,vm_0,0,1,flow_0,vm_1,11707,1
3.211844,vm_5,0,1,flow_76,vm_1,27233,1
3.218747,vm_1,0,1,flow_26,vm_12,46715,1
3.225529,vm_3,0,1,flow_45,vm_0,46650,1
3.231041,vm_2,0,1,flow_44,vm_15,69626,1
3.235283,vm_6,0,1,flow_101,vm_12,29714,1
3.243829,vm_1,0,1,flow_26,vm_12,92303,1
3.244472,vm_1,0,1,flow_29,vm_15,17778,1
3.244951,vm_3,0,1,flow_54,vm_10,12560,1
3.247401,vm_7,0,1,flow_110,vm_5,63004,1
3.25799,vm_13,0,1,flow_195,vm_0,17745,1
3.261797,vm_3,0,1,flow_45,vm_0,93759,1
3.267002,vm_11,0,1,flow_166,vm_1,52540,1
3.267163,vm_11,0,1,flow_179,vm_15,81391,1
3.268163,vm_6,0,1,flow_92,vm_2,96940,1
3.273183,vm_13,0,1,flow_195,vm_0,38385,1
3.277776,vm_0,0,1,flow_2,vm_3,28014,1
3.280087,vm_2,0,1,flow_30,vm_0,15995,1
3.283401,vm_0,0,1,flow_12,vm_13,14557,1
3.301517,vm_4,0,1,flow_67,vm_8,85764,1
3.3032,vm_11,0,1,flow_175,vm_10,18238,1
3.310608,vm_15,0,1,flow_226,vm_1,76077,1
3.319241,vm_11,0,1,flow_167,vm_2,47397,1
3.32078,vm_5,0,1,flow_87,vm_13,21288,1
3.321421,vm_3,0,1,flow_52,vm_8,51677,1
3.322183,vm_0,0,1,flow_3,vm_4,22489,1
3.336188,vm_10,0,1,flow_156,vm_6,11387,1
3.337579,vm_5,0,1,flow_88,vm_14,39514,1
3.35281,vm_0,0,1,flow_12,vm_13,31550,1
3.352868,vm_5,0,1,flow_89,vm_15,31380,1
3.353237,vm_14,0,1,flow_222,vm_12,46197,1
3.36549,vm_1,0,1,flow_20,vm_6,27127,1
3.374808,vm_9,0,1,flow_149,vm_15,17498,1
3.37725,vm_5,0,1,flow_79,vm_4,19988,1
3.378617,vm_13,0,1,flow_195,vm_0,83960,1
3.380731,vm_14,0,1,flow_222,vm_12,31822,1
3.380903,vm_14,0,1,flow_222,vm_12,15159,1
3.385359,vm_5,0,1,flow_81,vm_7,13004,1
3.386114,vm_10,0,1,flow_158,vm_8,11103,1
3.387504,vm_5,0,1,flow_86,vm_12,30798,1
3.387671,vm_11,0,1,flow_179,vm_15,44706,1
3.388553,vm_11,0,1,flow_169,vm_4,13106,1
3.395152,vm_2,0,1,flow_41,vm_12,18067,1
3.400925,vm_5,0,1,flow_86,vm_12,65326,1
3.403657,vm_6,0,1,flow_101,vm_12,76836,1
3.403941,vm_0,0,1,flow_2,vm_3,21225,1
3.411391,vm_13,0,1,flow_207,vm_12,15980,1
3.416445,vm_0,0,1,flow_12,vm_13,48445,1
3.41793,vm_3,0,1,flow_52,vm_8,14740,1
3.419594,vm_2,0,1,flow_41,vm_12,19089,1
3.433496,vm_2,0,1,flow_31,vm_1,62997,1
3.435084,vm_7,0,1,flow_119,vm_15,26195,1
3.43749,vm_5,0,1,flow_75,vm_0,29926,1
3.438411,vm_0,0,1,flow_2,vm_3,15840,1
3.447303,vm_9,0,1,flow_148,vm_14,11612,1
3.447543,vm_6,0,1,flow_95,vm_5,29625,1
3.448319,vm_1,0,1,flow_22,vm_8,34200,1
3.458092,vm_9,0,1,flow_135,vm_0,54114,1
3.459009,vm_1,0,1,flow_20,vm_6,23692,1
3.460436,vm_5,0,1,flow_88,vm_14,60750,1
3.465094,vm_15,0,1,flow_237,vm_12,45859,1
3.472944,vm_13,0,1,flow_195,vm_0,93672,1
3.483557,vm_4,0,1,flow_74,vm_15,97841,1
3.483622,vm_4,0,1,flow_71,vm_12,12041,1
3.486627,vm_0,0,1,flow_13,vm_14,60671,1
3.491445,vm_2,0,1,flow_30,vm_0,37680,1
3.497846,vm_0,0,1,flow_14,vm_15,21869,1
3.504993,vm_8,0,1,flow_120,vm_0,10876,1
3.511693,vm_6,0,1,flow_102,vm_13,56233,1
3.518156,vm_8,0,1,flow_134,vm_15,21993,1
3.518826,vm_5,0,1,flow_89,vm_15,19366,1
3.522002,vm_12,0,1,flow_194,vm_15,93375,1
3.524883,vm_11,0,1,flow_177,vm_13,28185,1
3.526707,vm_0,0,1,flow_7,vm_8,58982,1
3.530721,vm_6,0,1,flow_91,vm_1,58835,1
3.535292,vm_12,0,1,flow_187,vm_7,75422,1
3.536662,vm_1,0,1,flow_26,vm_12,31819,1
3.537493,vm_11,0,1,flow_171,vm_6,41479,1
3.543096,vm_5,0,1,flow_81,vm_7,13504,1
3.54381,vm_13,0,1,flow_204,vm_9,34241,1
3.565996,vm_5,0,1,flow_89,vm_15,70813,1
3.567622,vm_11,0,1,flow_168,vm_3,46596,1
3.569297,vm_0,0,1,flow_10,vm_11,91836,1
3.57293,vm_6,0,1,flow_98,vm_9,24888,1
3.581012,vm_8,0,1,flow_120,vm_0,35119,1
3.583121,vm_4,0,1,flow_69,vm_10,12629,1
3.583923,vm_15,0,1,flow_237,vm_12,14690,1
3.592629,vm_13,0,1,flow_207,vm_12,24464,1
3.596047,vm_3,0,1,flow_49,vm_5,18856,1
3.605094,vm_10,0,1,flow_157,vm_7,10875,1
3.607592,vm_0,0,1,flow_12,vm_13,53636,1
3.611593,vm_0,0,1,flow_10,vm_11,20557,1
3.613227,vm_10,0,1,flow_158,vm_8,73081,1
3.619034,vm_9,0,1,flow_143,vm_8,12666,1
3.620403,vm_15,0,1,flow_225,vm_0,66674,1
3.621458,vm_5,0,1,flow_87,vm_13,28340,1
3.627635,vm_14,0,1,flow_219,vm_9,17072,1
3.628135,vm_11,0,1,flow_169,vm_4,19976,1
3.635896,vm_15,0,1,flow_225,vm_0,12918,1
3.635903,vm_13,0,1,flow_195,vm_0,46713,1
3.637043,vm_3,0,1,flow_59,vm_15,45992,1
3.644123,vm_6,0,1,flow_103,vm_14,67715,1
3.648926,vm_4,0,1,flow_60,vm_0,35965,1
3.656485,vm_12,0,1,flow_188,vm_8,28281,1
3.658904,vm_11,0,1,flow_167,vm_2,11068,1
3.659973,vm_2,0,1,flow_31,vm_1,85749,1
3.668093,vm_1,0,1,flow_28,vm_14,64214,1
3.671391,vm_0,0,1,flow_11,vm_12,10284,1
3.673124,vm_6,0,1,flow_102,vm_13,18962,1
3.674398,vm_13,0,1,flow_203,vm_8,10004,1
3.680465,vm_11,0,1,flow_172,vm_7,31275,1
3.685286,vm_11,0,1,flow_179,vm_15,27343,1
3.693235,vm_5,0,1,flow_88,vm_14,36954,1
3.701437,vm_0,0,1,flow_6,vm_7,33917,1
3.702833,vm_9,0,1,flow_149,vm_15,18139,1
3.704214,vm_6,0,1,flow_97,vm_8,53340,1
3.708433,vm_5,0,1,flow_77,vm_2,67786,1
3.711051,vm_4,0,1,flow_67,vm_8,37050,1
3.717992,vm_13,0,1,flow_203,vm_8,10006,1
3.730405,vm_6,0,1,flow_96,vm_7,53527,1
3.733274,vm_7,0,1,flow_112,vm_8,74669,1
3.746047,vm_15,0,1,flow_225,vm_0,73104,1
3.750677,vm_9,0,1,flow_139,vm_4,31159,1
3.752699,vm_11,0,1,flow_179,vm_15,73154,1
3.76195,vm_11,0,1,flow_169,vm_4,39324,1
3.764384,vm_15,0,1,flow_225,vm_0,43058,1
3.766534,vm_9,0,1,flow_135,vm_0,90114,1
3.769271,vm_14,0,1,flow_218,vm_8,14185,1
3.776398,vm_6,0,1,flow_102,vm_13,13624,1
3.777697,vm_3,0,1,flow_56,vm_12,17038,1
3.792635,vm_5,0,1,flow_89,vm_15,19084,1
3.801715,vm_3,0,1,flow_59,vm_15,18323,1
3.804758,vm_5,0,1,flow_82,vm_8,39404,1
3.811472,vm_12,0,1,flow_188,vm_8,22415,1
3.811783,vm_0,0,1,flow_1,vm_2,11983,1
3.812228,vm_6,0,1,flow_99,vm_10,50745,1
3.813529,vm_0,0,1,flow_12,vm_13,10588,1
3.818369,vm_5,0,1,flow_80,vm_6,55405,1
3.824581,vm_0,0,1,flow_9,vm_10,46016,1
3.827909,vm_5,0,1,flow_81,vm_7,62515,1
3.829785,vm_15,0,1,flow_231,vm_6,42288,1
3.831719,vm_6,0,1,flow_98,vm_9,31759,1
3.840603,vm_1,0,1,flow_22,vm_8,24386,1
3.842025,vm_11,0,1,flow_178,vm_14,66395,1
3.842068,vm_2,0,1,flow_30,vm_0,13865,1
3.864003,vm_3,0,1,flow_56,vm_12,19260,1
3.868755,vm_9,0,1,flow_143,vm_8,48122,1
3.870543,vm_11,0,1,flow_167,vm_2,26988,1
3.871757,vm_11,0,1,flow_168,vm_3,23516,1
3.878378,vm_0,0,1,flow_1,vm_2,41668,1
3.880769,vm_6,0,1,flow_93,vm_3,16729,1
3.883787,vm_12,0,1,flow_194,vm_15,13637,1
3.887062,vm_7,0,1,flow_109,vm_4,10392,1
3.89527,vm_2,0,1,flow_32,vm_3,32830,1
3.899973,vm_0,0,1,flow_13,vm_14,11799,1
3.901982,vm_0,0,1,flow_2,vm_3,83210,1
3.904921,vm_6,0,1,flow_92,vm_2,28893,1
3.905242,vm_11,0,1,flow_165,vm_0,20895,1
3.915595,vm_9,0,1,flow_137,vm_2,87092,1
3.918598,vm_4,0,1,flow_71,vm_12,89924,1
3.921174,vm_1,0,1,flow_29,vm_15,13933,1
3.924096,vm_0,0,1,flow_10,vm_11,11869,1
3.928199,vm_0,0,1,flow_11,vm_12,22082,1
3.934549,vm_13,0,1,flow_195,vm_0,52956,1
3.937782,vm_5,0,1,flow_87,vm_13,10296,1
3.942977,vm_9,0,1,flow_149,vm_15,19951,1
3.956212,vm_12,0,1,flow_191,vm_11,10535,1
3.959735,vm_5,0,1,flow_89,vm_15,20721,1
3.967229,vm_5,0,1,flow_81,vm_7,38154,1
3.968007,vm_11,0,1,flow_175,vm_10,25927,1
3.968633,vm_9,0,1,flow_142,vm_7,17608,1
3.971763,vm_10,0,1,flow_162,vm_13,28556,1
3.978729,vm_5,0,1,flow_79,vm_4,71628,1
3.979149,vm_6,0,1,flow_91,vm_1,42266,1
3.985402,vm_1,0,1,flow_26,vm_12,33359,1
3.986619,vm_1,0,1,flow_29,vm_15,12813,1
3.991948,vm_2,0,1,flow_30,vm_0,56812,1
3.999353,vm_6,0,1,flow_103,vm_14,13682,1
4.012637,vm_11,0,1,flow_170,vm_5,99898,1
4.022562,vm_0,0,1,flow_7,vm_8,13036,1
4.024155,vm_13,0,1,flow_203,vm_8,11261,1
4.03808,vm_11,0,1,flow_168,vm_3,33330,1
4.038518,vm_6,0,1,flow_93,vm_3,67335,1
4.042899,vm_0,0,1,flow_1,vm_2,97858,1
4.046036,vm_7,0,1,flow_115,vm_11,53840,1
4.047874,vm_6,0,1,flow_91,vm_1,12740,1
4.049025,vm_8,0,1,flow_134,vm_15,29056,1
4.050807,vm_6,0,1,flow_99,vm_10,16601,1
4.060199,vm_11,0,1,flow_165,vm_0,33038,1
4.061557,vm_6,0,1,flow_95,vm_5,18169,1
4.063422,vm_9,0,1,flow_139,vm_4,21375,1
4.064505,vm_6,0,1,flow_100,vm_11,30847,1
4.064925,vm_11,0,1,flow_176,vm_12,49447,1
4.071568,vm_9,0,1,flow_135,vm_0,31808,1
4.077056,vm_13,0,1,flow_198,vm_3,66589,1
4.080314,vm_14,0,1,flow_221,vm_11,15110,1
4.083529,vm_11,0,1,flow_173,vm_8,13288,1
4.084204,vm_5,0,1,flow_79,vm_4,14089,1
4.0905,vm_14,0,1,flow_222,vm_12,25111,1
4.093827,vm_11,0,1,flow_167,vm_2,20950,1
4.094394,vm_15,0,1,flow_237,vm_12,85674,1
4.100681,vm_5,0,1,flow_83,vm_9,39060,1
4.106091,vm_6,0,1,flow_100,vm_11,38783,1
4.120923,vm_2,0,1,flow_44,vm_15,84050,1
4.121293,vm_5,0,1,flow_87,vm_13,38476,1
4.122663,vm_14,0,1,flow_221,vm_11,27913,1
4.126779,vm_6,0,1,flow_101,vm_12,10031,1
4.127223,vm_13,0,1,flow_209,vm_15,31481,1
4.132715,vm_8,0,1,flow_125,vm_5,89695,1
4.133776,vm_7,0,1,flow_119,vm_15,35615,1
4.143968,vm_11,0,1,flow_166,vm_1,46120,1
4.145365,vm_4,0,1,flow_74,vm_15,22973,1
4.148872,vm_9,0,1,flow_137,vm_2,58140,1
4.155247,vm_9,0,1,flow_149,vm_15,39584,1
4.161814,vm_2,0,1,flow_37,vm_8,19731,1
4.162809,vm_8,0,1,flow_128,vm_9,72593,1
4.166533,vm_6,0,1,flow_91,vm_1,17909,1
4.171805,vm_0,0,1,flow_4,vm_5,54500,1
4.173164,vm_13,0,1,flow_197,vm_2,56052,1
4.174925,vm_11,0,1,flow_173,vm_8,13987,1
4.175753,vm_5,0,1,flow_75,vm_0,11875,1
4.177963,vm_4,0,1,flow_60,vm_0,11891,1
4.180203,vm_5,0,1,flow_82,vm_8,60993,1
4.182566,vm_12,0,1,flow_188,vm_8,11011,1
4.182566,vm_11,0,1,flow_173,vm_8,18190,1
4.192159,vm_11,0,1,flow_166,vm_1,15076,1
4.193534,vm_6,0,1,flow_99,vm_10,40045,1
4.193854,vm_10,0,1,flow_163,vm_14,19348,1
4.200964,vm_1,0,1,flow_26,vm_12,13867,1
4.20407,vm_6,0,1,flow_100,vm_11,18172,1
4.209996,vm_5,0,1,flow_81,vm_7,30305,1
4.21099,vm_5,0,1,flow_79,vm_4,88148,1
4.218701,vm_6,0,1,flow_91,vm_1,38135,1
4.220126,vm_0,0,1,flow_8,vm_9,15678,1
4.232482,vm_11,0,1,flow_172,vm_7,45648,1
4.23269,vm_7,0,1,flow_119,vm_15,96767,1
4.238279,vm_5,0,1,flow_80,vm_6,32636,1
4.245512,vm_14,0,1,flow_220,vm_10,74577,1
4.257237,vm_5,0,1,flow_84,vm_10,14924,1
4.262649,vm_0,0,1,flow_10,vm_11,10790,1
4.26509,vm_7,0,1,flow_112,vm_8,15530,1
4.27236,vm_6,0,1,flow_94,vm_4,34106,1
4.273872,vm_11,0,1,flow_167,vm_2,37826,1
4.277866,vm_6,0,1,flow_90,vm_0,65766,1
4.27793,vm_4,0,1,flow_67,vm_8,17539,1
4.284885,vm_2,0,1,flow_30,vm_0,70487,1
4.292806,vm_9,0,1,flow_145,vm_11,13588,1
4.294863,vm_14,0,1,flow_222,vm_12,24426,1
4.303784,vm_6,0,1,flow_101,vm_12,19766,1
4.306732,vm_4,0,1,flow_71,vm_12,33361,1
4.308272,vm_7,0,1,flow_119,vm_15,25156,1
4.310178,vm_13,0,1,flow_195,vm_0,16152,1
4.314064,vm_5,0,1,flow_78,vm_3,13860,1
4.321661,vm_7,0,1,flow_108,vm_3,59073,1
4.323526,vm_14,0,1,flow_217,vm_7,21182,1
4.336493,vm_3,0,1,flow_55,vm_11,30936,1
4.347568,vm_5,0,1,flow_76,vm_1,13056,1
4.347976,vm_5,0,1,flow_79,vm_4,17194,1
4.352798,vm_6,0,1,flow_99,vm_10,52181,1
4.355161,vm_13,0,1,flow_209,vm_15,52758,1
4.358828,vm_5,0,1,flow_82,vm_8,10105,1
4.359389,vm_11,0,1,flow_173,vm_8,47387,1
4.367871,vm_6,0,1,flow_98,vm_9,44708,1
4.371354,vm_6,0,1,flow_91,vm_1,59156,1
4.374545,vm_3,0,1,flow_56,vm_12,23982,1
4.380553,vm_11,0,1,flow_167,vm_2,17840,1
4.383128,vm_0,0,1,flow_14,vm_15,49635,1
4.386797,vm_2,0,1,flow_30,vm_0,54760,1
4.387417,vm_7,0,1,flow_119,vm_15,55157,1
4.396148,vm_10,0,1,flow_158,vm_8,14188,1
4.396692,vm_10,0,1,flow_162,vm_13,97283,1
4.400896,vm_15,0,1,flow_237,vm_12,93490,1
4.402633,vm_11,0,1,flow_179,vm_15,30930,1
4.404517,vm_5,0,1,flow_77,vm_2,35240,1
4.404687,vm_0,0,1,flow_10,vm_11,98901,1
4.417723,vm_4,0,1,flow_72,vm_13,69779,1
4.418426,vm_11,0,1,flow_165,vm_0,53101,1
4.425934,vm_11,0,1,flow_175,vm_10,36906,1
4.428004,vm_7,0,1,flow_112,vm_8,60491,1
4.43682,vm_11,0,1,flow_171,vm_6,82417,1
4.445156,vm_3,0,1,flow_52,vm_8,28065,1
4.447961,vm_6,0,1,flow_93,vm_3,80018,1
4.449714,vm_6,0,1,flow_94,vm_4,20750,1
4.455029,vm_9,0,1,flow_146,vm_12,21573,1
4.45548,vm_0,0,1,flow_11,vm_12,69642,1
4.481002,vm_7,0,1,flow_119,vm_15,14806,1
4.481639,vm_0,0,1,flow_6,vm_7,21450,1
4.48558,vm_0,0,1,flow_7,vm_8,36455,1
4.491664,vm_5,0,1,flow_87,vm_13,69938,1
4.497718,vm_11,0,1,flow_172,vm_7,15051,1
4.499813,vm_0,0,1,flow_11,vm_12,11637,1
4.503063,vm_10,0,1,flow_163,vm_14,25622,1
4.504629,vm_3,0,1,flow_45,vm_0,17782,1
4.508146,vm_0,0,1,flow_6,vm_7,47695,1
4.511907,vm_11,0,1,flow_173,vm_8,82433,1
4.530215,vm_0,0,1,flow_1,vm_2,41632,1
4.533197,vm_5,0,1,flow_78,vm_3,50993,1
4.537243,vm_2,0,1,flow_41,vm_12,90126,1
4.543764,vm_12,0,1,flow_188,vm_8,11208,1
4.552452,vm_7,0,1,flow_110,vm_5,28673,1
4.55985,vm_0,0,1,flow_4,vm_5,45435,1
4.562606,vm_2,0,1,flow_37,vm_8,37686,1
4.563914,vm_14,0,1,flow_218,vm_8,12938,1
4.567036,vm_13,0,1,flow_209,vm_15,55608,1
4.56714,vm_13,0,1,flow_199,vm_4,77622,1
4.567838,vm_8,0,1,flow_128,vm_9,12803,1
4.5763,vm_11,0,1,flow_177,vm_13,85045,1
4.578256,vm_10,0,1,flow_159,vm_9,50806,1
4.578822,vm_9,0,1,flow_135,vm_0,93876,1
4.580479,vm_2,0,1,flow_37,vm_8,16091,1
4.58222,vm_11,0,1,flow_165,vm_0,22792,1
4.586126,vm_5,0,1,flow_86,vm_12,37339,1
4.58834,vm_6,0,1,flow_92,vm_2,50450,1
4.5911,vm_11,0,1,flow_177,vm_13,37067,1
4.591635,vm_2,0,1,flow_41,vm_12,77451,1
4.593176,vm_11,0,1,flow_176,vm_12,21837,1
4.597414,vm_2,0,1,flow_41,vm_12,60869,1
4.601643,vm_3,0,1,flow_45,vm_0,31040,1
4.610543,vm_7,0,1,flow_112,vm_8,16960,1
4.612844,vm_10,0,1,flow_158,vm_8,83064,1
4.617514,vm_11,0,1,flow_176,vm_12,26193,1
4.618141,vm_6,0,1,flow_102,vm_13,66559,1
4.618988,vm_1,0,1,flow_15,vm_0,24103,1
4.622422,vm_12,0,1,flow_194,vm_15,85051,1
4.623579,vm_5,0,1,flow_81,vm_7,91039,1
4.627621,vm_14,0,1,flow_218,vm_8,13636,1
4.632279,vm_12,0,1,flow_180,vm_0,70345,1
4.647529,vm_10,0,1,flow_161,vm_12,13749,1
4.663043,vm_2,0,1,flow_41,vm_12,11273,1
4.663232,vm_11,0,1,flow_165,vm_0,16529,1
4.666801,vm_10,0,1,flow_164,vm_15,87318,1
4.668003,vm_11,0,1,flow_169,vm_4,94723,1
4.677445,vm_5,0,1,flow_77,vm_2,63488,1
4.678014,vm_5,0,1,flow_85,vm_11,37802,1
4.678889,vm_6,0,1,flow_97,vm_8,11035,1
4.692097,vm_10,0,1,flow_150,vm_0,33346,1
4.705508,vm_0,0,1,flow_11,vm_12,25149,1
4.706132,vm_6,0,1,flow_98,vm_9,21238,1
4.706906,vm_6,0,1,flow_97,vm_8,19501,1
4.71967,vm_15,0,1,flow_236,vm_11,34952,1
4.72083,vm_6,0,1,flow_98,vm_9,56903,1
4.72571,vm_2,0,1,flow_44,vm_15,90031,1
4.73612,vm_6,0,1,flow_96,vm_7,15044,1
4.740873,vm_9,0,1,flow_149,vm_15,32539,1
4.751939,vm_5,0,1,flow_86,vm_12,22567,1
4.759059,vm_5,0,1,flow_81,vm_7,12178,1
4.761072,vm_11,0,1,flow_176,vm_12,73644,1
4.761128,vm_11,0,1,flow_166,vm_1,72211,1
4.771109,vm_9,0,1,flow_149,vm_15,62339,1
4.77652,vm_1,0,1,flow_25,vm_11,18108,1
4.799516,vm_3,0,1,flow_59,vm_15,22758,1
4.802247,vm_5,0,1,flow_87,vm_13,97980,1
4.802584,vm_13,0,1,flow_209,vm_15,14192,1
4.805947,vm_5,0,1,flow_86,vm_12,12210,1
4.813605,vm_8,0,1,flow_134,vm_15,79690,1
4.814359,vm_10,0,1,flow_160,vm_11,61437,1
4.81513,vm_5,0,1,flow_76,vm_1,31948,1
4.821666,vm_5,0,1,flow_80,vm_6,67986,1
4.82516,vm_0,0,1,flow_4,vm_5,16675,1
4.826287,vm_6,0,1,flow_98,vm_9,27041,1
4.829311,vm_5,0,1,flow_81,vm_7,14156,1
4.832922,vm_15,0,1,flow_227,vm_2,33973,1
4.834873,vm_5,0,1,flow_79,vm_4,49485,1
4.835665,vm_8,0,1,flow_134,vm_15,11683,1
4.839566,vm_13,0,1,flow_199,vm_4,16167,1
4.840655,vm_11,0,1,flow_166,vm_1,73235,1
4.842535,vm_5,0,1,flow_89,vm_15,21404,1
4.847009,vm_2,0,1,flow_37,vm_8,48972,1
4.84762,vm_5,0,1,flow_78,vm_3,40184,1
4.852376,vm_9,0,1,flow_146,vm_12,94588,1
4.855893,vm_9,0,1,flow_138,vm_3,20292,1
4.856727,vm_0,0,1,flow_8,vm_9,56025,1
4.859045,vm_0,0,1,flow_0,vm_1,70329,1
4.861934,vm_0,0,1,flow_9,vm_10,17738,1
4.861962,vm_3,0,1,flow_45,vm_0,24433,1
4.873743,vm_0,0,1,flow_5,vm_6,66650,1
4.874086,vm_12,0,1,flow_187,vm_7,90838,1
4.88338,vm_0,0,1,flow_14,vm_15,45934,1
4.890658,vm_6,0,1,flow_100,vm_11,32827,1
4.892523,vm_15,0,1,flow_235,vm_10,67966,1
4.892532,vm_5,0,1,flow_80,vm_6,23974,1
4.894174,vm_8,0,1,flow_134,vm_15,25784,1
4.900399,vm_8,0,1,flow_131,vm_12,90296,1
4.907958,vm_7,0,1,flow_109,vm_4,27008,1
4.909201,vm_0,0,1,flow_6,vm_7,58491,1
4.911059,vm_5,0,1,flow_80,vm_6,57316,1
4.91225,vm_2,0,1,flow_30,vm_0,12370,1
4.912902,vm_13,0,1,flow_208,vm_14,10967,1
4.913788,vm_15,0,1,flow_229,vm_4,46507,1
4.920957,vm_5,0,1,flow_84,vm_10,21329,1
4.929786,vm_9,0,1,flow_144,vm_10,16784,1
4.935067,vm_15,0,1,flow_233,vm_8,32349,1
4.940364,vm_8,0,1,flow_120,vm_0,41586,1
4.941279,vm_6,0,1,flow_90,vm_0,65526,1
4.942661,vm_10,0,1,flow_161,vm_12,29387,1
4.94303,vm_0,0,1,flow_5,vm_6,92633,1
4.944849,vm_9,0,1,flow_149,vm_15,53810,1
4.945996,vm_11,0,1,flow_175,vm_10,18017,1
4.953831,vm_15,0,1,flow_233,vm_8,56865,1
4.972012,vm_4,0,1,flow_62,vm_2,46931,1
4.976149,vm_11,0,1,flow_169,vm_4,79514,1
4.981476,vm_2,0,1,flow_41,vm_12,11009,1
4.98897,vm_2,0,1,flow_37,vm_8,31776,1
5.010863,vm_7,0,1,flow_119,vm_15,28759,1
5.013855,vm_3,0,1,flow_56,vm_12,47627,1
5.015029,vm_0,0,1,flow_5,vm_6,77894,1
5.018681,vm_6,0,1,flow_98,vm_9,14403,1
5.022489,vm_6,0,1,flow_104,vm_15,41202,1
5.027321,vm_9,0,1,flow_146,vm_12,36841,1
5.035469,vm_15,0,1,flow_238,vm_13,28783,1
5.036095,vm_3,0,1,flow_59,vm_15,24944,1
5.037441,vm_9,0,1,flow_136,vm_1,11446,1
5.038048,vm_5,0,1,flow_77,vm_2,20373,1
5.041437,vm_11,0,1,flow_177,vm_13,13743,1
5.042647,vm_6,0,1,flow_100,vm_11,12932,1
5.051097,vm_15,0,1,flow_227,vm_2,10733,1
5.056379,vm_8,0,1,flow_127,vm_7,10014,1
5.059853,vm_0,0,1,flow_0,vm_1,13318,1
5.066407,vm_4,0,1,flow_71,vm_12,30632,1
5.067867,vm_3,0,1,flow_45,vm_0,16800,1
5.069717,vm_0,0,1,flow_13,vm_14,11621,1
5.070587,vm_11,0,1,flow_169,vm_4,11297,1
5.07273,vm_11,0,1,flow_165,vm_0,57855,1
5.089286,vm_5,0,1,flow_87,vm_13,74939,1
5.090759,vm_0,0,1,flow_8,vm_9,13730,1
5.091616,vm_13,0,1,flow_195,vm_0,11519,1
5.091711,vm_6,0,1,flow_97,vm_8,44960,1
5.093386,vm_7,0,1,flow_112,vm_8,28271,1
5.093424,vm_14,0,1,flow_210,vm_0,89675,1
5.094815,vm_9,0,1,flow_143,vm_8,26459,1
5.109972,vm_11,0,1,flow_167,vm_2,11801,1
5.110722,vm_11,0,1,flow_174,vm_9,12100,1
5.124,vm_8,0,1,flow_120,vm_0,22505,1
5.12665,vm_15,0,1,flow_237,vm_12,83178,1
5.127378,vm_11,0,1,flow_178,vm_14,73782,1
5.135737,vm_8,0,1,flow_129,vm_10,90297,1
5.136323,vm_15,0,1,flow_225,vm_0,32786,1
5.150575,vm_3,0,1,flow_45,vm_0,65226,1
5.156394,vm_0,0,1,flow_11,vm_12,94623,1
5.161734,vm_13,0,1,flow_203,vm_8,90622,1
5.165039,vm_6,0,1,flow_90,vm_0,17125,1
5.170216,vm_6,0,1,flow_96,vm_7,23272,1
5.179101,vm_5,0,1,flow_80,vm_6,11666,1
5.191223,vm_6,0,1,flow_103,vm_14,11724,1
5.195874,vm_10,0,1,flow_164,vm_15,22710,1
5.198045,vm_9,0,1,flow_135,vm_0,30951,1
5.200272,vm_10,0,1,flow_159,vm_9,45080,1
5.202239,vm_0,0,1,flow_3,vm_4,46813,1
5.207992,vm_11,0,1,flow_170,vm_5,79624,1
5.216622,vm_6,0,1,flow_101,vm_12,18259,1
5.223221,vm_12,0,1,flow_189,vm_9,30701,1
5.224172,vm_12,0,1,flow_183,vm_3,87292,1
5.22693,vm_15,0,1,flow_237,vm_12,13440,1
5.230264,vm_11,0,1,flow_177,vm_13,40013,1
5.230735,vm_0,0,1,flow_10,vm_11,76228,1
5.236156,vm_11,0,1,flow_178,vm_14,16649,1
5.244925,vm_11,0,1,flow_179,vm_15,67902,1
5.246696,vm_4,0,1,flow_60,vm_0,16518,1
5.249009,vm_13,0,1,flow_200,vm_5,10412,1
5.252071,vm_5,0,1,flow_75,vm_0,27474,1
5.254162,vm_6,0,1,flow_90,vm_0,77280,1
5.254341,vm_11,0,1,flow_177,vm_13,71097,1
5.255224,vm_3,0,1,flow_45,vm_0,68584,1
5.257237,vm_11,0,1,flow_178,vm_14,24718,1
5.261587,vm_1,0,1,flow_29,vm_15,13829,1
5.265767,vm_8,0,1,flow_134,vm_15,70651,1
5.271427,vm_6,0,1,flow_102,vm_13,12253,1
5.279515,vm_6,0,1,flow_97,vm_8,22923,1
5.279908,vm_13,0,1,flow_204,vm_9,50302,1
5.28084,vm_7,0,1,flow_116,vm_12,15302,1
5.284971,vm_8,0,1,flow_126,vm_6,78178,1
5.292173,vm_6,0,1,flow_102,vm_13,54668,1
5.299665,vm_0,0,1,flow_3,vm_4,14171,1
5.308669,vm_12,0,1,flow_194,vm_15,14770,1
5.309321,vm_8,0,1,flow_123,vm_3,21454,1
5.316526,vm_12,0,1,flow_180,vm_0,58792,1
5.319722,vm_11,0,1,flow_171,vm_6,63734,1
5.32783,vm_1,0,1,flow_22,vm_8,35894,1
5.330079,vm_12,0,1,flow_180,vm_0,39502,1
5.335449,vm_6,0,1,flow_101,vm_12,10480,1
5.34697,vm_3,0,1,flow_52,vm_8,28372,1
5.354871,vm_13,0,1,flow_204,vm_9,39221,1
5.364592,vm_11,0,1,flow_178,vm_14,75628,1
5.364717,vm_3,0,1,flow_57,vm_13,17675,1
5.367354,vm_6,0,1,flow_93,vm_3,51686,1
5.37011,vm_8,0,1,flow_130,vm_11,45795,1
5.377569,vm_11,0,1,flow_168,vm_3,85430,1
5.386978,vm_11,0,1,flow_168,vm_3,15976,1
5.389232,vm_0,0,1,flow_0,vm_1,66535,1
5.390774,vm_7,0,1,flow_110,vm_5,98984,1
5.398027,vm_6,0,1,flow_97,vm_8,53181,1
5.410913,vm_6,0,1,flow_101,vm_12,10469,1
5.415152,vm_0,0,1,flow_12,vm_13,27714,1
5.418574,vm_5,0,1,flow_79,vm_4,11667,1
5.423712,vm_11,0,1,flow_176,vm_12,12159,1
5.435363,vm_8,0,1,flow_134,vm_15,60061,1
5.441191,vm_5,0,1,flow_88,vm_14,11948,1
5.446444,vm_9,0,1,flow_135,vm_0,19122,1
5.447478,vm_7,0,1,flow_117,vm_13,41454,1
5.464605,vm_14,0,1,flow_218,vm_8,83594,1
5.466561,vm_15,0,1,flow_236,vm_11,26439,1
5.467112,vm_6,0,1,flow_97,vm_8,46233,1
5.476591,vm_11,0,1,flow_166,vm_1,16989,1
5.477955,vm_15,0,1,flow_237,vm_12,15578,1
5.478667,vm_8,0,1,flow_131,vm_12,15031,1
5.494348,vm_9,0,1,flow_136,vm_1,58257,1
5.498679,vm_9,0,1,flow_143,vm_8,19926,1
5.514008,vm_5,0,1,flow_87,vm_13,43404,1
5.515465,vm_9,0,1,flow_143,vm_8,10141,1
5.529804,vm_11,0,1,flow_169,vm_4,22517,1
5.532184,vm_6,0,1,flow_94,vm_4,41920,1
5.53277,vm_9,0,1,flow_146,vm_12,24653,1
5.536562,vm_14,0,1,flow_224,vm_15,57053,1
5.539387,vm_14,0,1,flow_224,vm_15,29679,1
5.539527,vm_3,0,1,flow_59,vm_15,14955,1
5.552781,vm_12,0,1,flow_191,vm_11,90774,1
5.558083,vm_5,0,1,flow_80,vm_6,15315,1
5.558827,vm_6,0,1,flow_91,vm_1,10750,1
5.564422,vm_9,0,1,flow_135,vm_0,19534,1
5.564854,vm_5,0,1,flow_85,vm_11,14088,1
5.567708,vm_10,0,1,flow_164,vm_15,27926,1
5.578939,vm_13,0,1,flow_195,vm_0,13389,1
5.585329,vm_3,0,1,flow_56,vm_12,11479,1
5.585452,vm_10,0,1,flow_153,vm_3,23782,1
5.591194,vm_5,0,1,flow_76,vm_1,14662,1
5.595447,vm_8,0,1,flow_131,vm_12,57230,1
5.595602,vm_11,0,1,flow_168,vm_3,27420,1
5.599407,vm_6,0,1,flow_99,vm_10,62844,1
5.599932,vm_11,0,1,flow_168,vm_3,47802,1
5.609268,vm_4,0,1,flow_74,vm_15,64910,1
5.610301,vm_4,0,1,flow_73,vm_14,36584,1
5.611257,vm_6,0,1,flow_94,vm_4,16583,1
5.612298,vm_6,0,1,flow_101,vm_12,26162,1
5.613556,vm_5,0,1,flow_89,vm_15,29693,1
5.618941,vm_0,0,1,flow_0,vm_1,41526,1
5.624478,vm_13,0,1,flow_203,vm_8,52725,1
5.625658,vm_10,0,1,flow_164,vm_15,96515,1
5.635488,vm_8,0,1,flow_128,vm_9,55058,1
5.637253,vm_9,0,1,flow_146,vm_12,60338,1
5.641548,vm_0,0,1,flow_7,vm_8,25559,1
5.64535,vm_10,0,1,flow_153,vm_3,16592,1
5.657335,vm_6,0,1,flow_100,vm_11,23999,1
5.659599,vm_14,0,1,flow_220,vm_10,90048,1
5.664861,vm_0,0,1,flow_12,vm_13,87112,1
5.683704,vm_0,0,1,flow_8,vm_9,64669,1
5.683843,vm_11,0,1,flow_172,vm_7,55839,1
5.690375,vm_5,0,1,flow_86,vm_12,87890,1
5.696409,vm_6,0,1,flow_91,vm_1,98630,1
5.696807,vm_4,0,1,flow_67,vm_8,11980,1
5.699846,vm_5,0,1,flow_81,vm_7,18822,1
5.706886,vm_3,0,1,flow_45,vm_0,76716,1
5.716045,vm_15,0,1,flow_233,vm_8,26831,1
5.718663,vm_0,0,1,flow_14,vm_15,47754,1
5.719564,vm_13,0,1,flow_209,vm_15,76729,1
5.723058,vm_5,0,1,flow_87,vm_13,37193,1
5.734027,vm_7,0,1,flow_115,vm_11,21543,1
5.736522,vm_11,0,1,flow_171,vm_6,33120,1
5.741148,vm_2,0,1,flow_30,vm_0,67787,1
5.741419,vm_15,0,1,flow_237,vm_12,15226,1
5.745489,vm_7,0,1,flow_105,vm_0,81489,1
5.749513,vm_6,0,1,flow_94,vm_4,21726,1
5.752724,vm_11,0,1,flow_165,vm_0,13636,1
5.75395,vm_13,0,1,flow_203,vm_8,27104,1
5.756896,vm_13,0,1,flow_207,vm_12,13641,1
5.756949,vm_0,0,1,flow_14,vm_15,80811,1
5.760247,vm_0,0,1,flow_1,vm_2,60987,1
5.7629,vm_11,0,1,flow_171,vm_6,28660,1
5.767765,vm_0,0,1,flow_2,vm_3,54335,1
5.782197,vm_9,0,1,flow_149,vm_15,72246,1
5.790337,vm_13,0,1,flow_197,vm_2,34244,1
5.791035,vm_5,0,1,flow_78,vm_3,50596,1
5.792742,vm_1,0,1,flow_15,vm_0,11880,1
5.794265,vm_11,0,1,flow_165,vm_0,43192,1
5.797804,vm_14,0,1,flow_224,vm_15,19376,1
5.800564,vm_5,0,1,flow_89,vm_15,14892,1
5.802889,vm_14,0,1,flow_210,vm_0,94980,1
5.802911,vm_7,0,1,flow_112,vm_8,17410,1
5.805078,vm_6,0,1,flow_102,vm_13,40947,1
5.821212,vm_7,0,1,flow_119,vm_15,92661,1
5.832247,vm_5,0,1,flow_85,vm_11,15727,1
5.838877,vm_0,0,1,flow_11,vm_12,24011,1
5.841503,vm_11,0,1,flow_166,vm_1,12685,1
5.846087,vm_11,0,1,flow_178,vm_14,40931,1
5.847257,vm_5,0,1,flow_77,vm_2,11362,1
5.852549,vm_6,0,1,flow_102,vm_13,32392,1
5.866768,vm_11,0,1,flow_167,vm_2,47095,1
5.876103,vm_13,0,1,flow_209,vm_15,64734,1
5.891178,vm_9,0,1,flow_140,vm_5,47380,1
5.892506,vm_11,0,1,flow_176,vm_12,25882,1
5.893284,vm_5,0,1,flow_82,vm_8,32304,1
5.896075,vm_13,0,1,flow_209,vm_15,58904,1
5.899267,vm_15,0,1,flow_226,vm_1,13503,1
5.909821,vm_1,0,1,flow_26,vm_12,10154,1
5.91969,vm_12,0,1,flow_188,vm_8,11611,1
5.923264,vm_6,0,1,flow_92,vm_2,15911,1
5.923642,vm_0,0,1,flow_5,vm_6,51861,1
5.924565,vm_1,0,1,flow_15,vm_0,10704,1
5.936638,vm_0,0,1,flow_3,vm_4,23984,1
5.936953,vm_6,0,1,flow_97,vm_8,13246,1
5.938527,vm_12,0,1,flow_187,vm_7,27553,1
5.943007,vm_12,0,1,flow_180,vm_0,16576,1
5.945806,vm_11,0,1,flow_171,vm_6,15497,1
5.947097,vm_10,0,1,flow_154,vm_4,39307,1
5.948419,vm_6,0,1,flow_91,vm_1,79407,1
5.953182,vm_0,0,1,flow_14,vm_15,48831,1
5.955701,vm_11,0,1,flow_166,vm_1,50134,1
5.968864,vm_4,0,1,flow_68,vm_9,40792,1
5.973469,vm_15,0,1,flow_237,vm_12,29095,1
5.977005,vm_2,0,1,flow_44,vm_15,75738,1
5.977206,vm_1,0,1,flow_15,vm_0,40986,1
5.988654,vm_11,0,1,flow_177,vm_13,86928,1
5.994489,vm_8,0,1,flow_120,vm_0,16046,1
5.999688,vm_1,0,1,flow_26,vm_12,37383,1
6.000959,vm_1,0,1,flow_15,vm_0,29552,1
6.00248,vm_8,0,1,flow_120,vm_0,15207,1
6.004624,vm_5,0,1,flow_75,vm_0,33955,1
6.013322,vm_0,0,1,flow_8,vm_9,70729,1
6.019718,vm_10,0,1,flow_158,vm_8,21740,1
6.020186,vm_9,0,1,flow_143,vm_8,60201,1
6.020594,vm_14,0,1,flow_218,vm_8,12948,1
6.022517,vm_6,0,1,flow_90,vm_0,23564,1
6.036099,vm_11,0,1,flow_167,vm_2,16612,1
6.036452,vm_4,0,1,flow_60,vm_0,14414,1
6.037225,vm_10,0,1,flow_159,vm_9,87718,1
6.037569,vm_6,0,1,flow_95,vm_5,46815,1
6.040547,vm_2,0,1,flow_41,vm_12,48065,1
6.050952,vm_5,0,1,flow_78,vm_3,35436,1
6.051931,vm_7,0,1,flow_105,vm_0,27426,1
6.054197,vm_5,0,1,flow_86,vm_12,17620,1
6.055249,vm_5,0,1,flow_89,vm_15,14678,1
6.055892,vm_10,0,1,flow_163,vm_14,37148,1
6.056933,vm_6,0,1,flow_102,vm_13,15822,1
6.056966,vm_2,0,1,flow_34,vm_5,63873,1
6.058387,vm_5,0,1,flow_79,vm_4,95056,1
6.058781,vm_7,0,1,flow_116,vm_12,13089,1
6.06998,vm_5,0,1,flow_80,vm_6,37740,1
6.080326,vm_0,0,1,flow_14,vm_15,39683,1
6.080588,vm_11,0,1,flow_175,vm_10,11745,1
6.101566,vm_7,0,1,flow_116,vm_12,45355,1
6.106469,vm_11,0,1,flow_168,vm_3,39740,1
6.108143,vm_11,0,1,flow_174,vm_9,10764,1
6.108753,vm_7,0,1,flow_119,vm_15,28931,1
6.109242,vm_11,0,1,flow_170,vm_5,19902,1
6.109491,vm_4,0,1,flow_67,vm_8,16586,1
6.11075,vm_5,0,1,flow_82,vm_8,37376,1
6.11248,vm_5,0,1,flow_86,vm_12,56520,1
6.118074,vm_2,0,1,flow_39,vm_10,34590,1
6.122806,vm_12,0,1,flow_188,vm_8,56875,1
6.122885,vm_4,0,1,flow_66,vm_7,53610,1
6.122978,vm_10,0,1,flow_161,vm_12,18679,1
6.123604,vm_9,0,1,flow_144,vm_10,20157,1
6.126992,vm_13,0,1,flow_207,vm_12,10747,1
6.127519,vm_11,0,1,flow_172,vm_7,10473,1
6.128153,vm_6,0,1,flow_92,vm_2,74200,1
6.130113,vm_11,0,1,flow_175,vm_10,35791,1
6.133693,vm_5,0,1,flow_75,vm_0,11202,1
6.137911,vm_1,0,1,flow_20,vm_6,93449,1
6.139179,vm_10,0,1,flow_161,vm_12,49681,1
6.140263,vm_11,0,1,flow_165,vm_0,19540,1
6.148669,vm_0,0,1,flow_1,vm_2,47673,1
6.149482,vm_2,0,1,flow_30,vm_0,63814,1
6.158957,vm_5,0,1,flow_85,vm_11,27637,1
6.160239,vm_0,0,1,flow_7,vm_8,44190,1
6.165426,vm_3,0,1,flow_46,vm_1,31115,1
6.171389,vm_6,0,1,flow_91,vm_1,29812,1
6.172247,vm_6,0,1,flow_91,vm_1,86215,1
6.172724,vm_5,0,1,flow_82,vm_8,12014,1
6.177408,vm_0,0,1,flow_7,vm_8,81439,1
6.177695,vm_6,0,1,flow_97,vm_8,32499,1
6.187677,vm_3,0,1,flow_52,vm_8,87316,1
6.193137,vm_6,0,1,flow_99,vm_10,42883,1
6.199279,vm_5,0,1,flow_76,vm_1,13705,1
6.202471,vm_11,0,1,flow_165,vm_0,14288,1
6.213841,vm_6,0,1,flow_96,vm_7,19121,1
6.217114,vm_0,0,1,flow_0,vm_1,11557,1
6.222517,vm_14,0,1,flow_218,vm_8,41060,1
6.225562,vm_11,0,1,flow_166,vm_1,29947,1
6.237285,vm_11,0,1,flow_174,vm_9,78845,1
6.250209,vm_7,0,1,flow_105,vm_0,11814,1
6.255017,vm_11,0,1,flow_174,vm_9,23090,1
6.255765,vm_13,0,1,flow_196,vm_1,11311,1
6.263752,vm_7,0,1,flow_112,vm_8,11873,1
6.267576,vm_0,0,1,flow_1,vm_2,16334,1
6.275997,vm_10,0,1,flow_154,vm_4,86347,1
6.279101,vm_5,0,1,flow_79,vm_4,57523,1
6.283131,vm_13,0,1,flow_205,vm_10,64409,1
6.284461,vm_5,0,1,flow_85,vm_11,39537,1
6.287386,vm_4,0,1,flow_60,vm_0,42169,1
6.295561,vm_6,0,1,flow_102,vm_13,63995,1
6.295674,vm_6,0,1,flow_96,vm_7,34613,1
6.302373,vm_6,0,1,flow_93,vm_3,24311,1
6.308124,vm_5,0,1,flow_81,vm_7,33876,1
6.31129,vm_9,0,1,flow_143,vm_8,22657,1
6.319667,vm_11,0,1,flow_165,vm_0,72109,1
6.321475,vm_13,0,1,flow_209,vm_15,35236,1
6.322127,vm_9,0,1,flow_137,vm_2,67373,1
6.32881,vm_0,0,1,flow_4,vm_5,88152,1
6.329463,vm_11,0,1,flow_166,vm_1,74472,1
6.33776,vm_11,0,1,flow_168,vm_3,38763,1
6.339059,vm_3,0,1,flow_52,vm_8,11083,1
6.343739,vm_5,0,1,flow_86,vm_12,66598,1
6.343896,vm_0,0,1,flow_2,vm_3,24861,1
6.351086,vm_9,0,1,flow_135,vm_0,58879,1
6.355737,vm_3,0,1,flow_52,vm_8,28481,1
6.362333,vm_11,0,1,flow_171,vm_6,12675,1
6.364685,vm_6,0,1,flow_101,vm_12,35186,1
6.368359,vm_15,0,1,flow_231,vm_6,10322,1
6.381505,vm_7,0,1,flow_116,vm_12,12802,1
6.383405,vm_5,0,1,flow_75,vm_0,88007,1
6.395002,vm_1,0,1,flow_29,vm_15,13937,1
6.395272,vm_11,0,1,flow_179,vm_15,81070,1
6.399471,vm_4,0,1,flow_74,vm_15,42847,1
6.404431,vm_0,0,1,flow_13,vm_14,39094,1
6.405116,vm_0,0,1,flow_11,vm_12,36916,1
6.409144,vm_11,0,1,flow_165,vm_0,84077,1
6.409755,vm_0,0,1,flow_9,vm_10,90293,1
6.414282,vm_5,0,1,flow_81,vm_7,30240,1
6.416369,vm_14,0,1,flow_218,vm_8,95554,1
6.416563,vm_5,0,1,flow_89,vm_15,16057,1
6.419047,vm_6,0,1,flow_91,vm_1,24237,1
6.419319,vm_8,0,1,flow_128,vm_9,11676,1
6.422402,vm_5,0,1,flow_79,vm_4,49338,1
6.425517,vm_8,0,1,flow_131,vm_12,99188,1
6.426094,vm_0,0,1,flow_10,vm_11,74391,1
6.429375,vm_5,0,1,flow_89,vm_15,36581,1
6.430423,vm_0,0,1,flow_0,vm_1,44649,1
6.43213,vm_0,0,1,flow_1,vm_2,19063,1
6.434051,vm_7,0,1,flow_105,vm_0,31222,1
6.441358,vm_0,0,1,flow_8,vm_9,33855,1
6.445209,vm_13,0,1,flow_197,vm_2,27328,1
6.466279,vm_5,0,1,flow_81,vm_7,11507,1
6.468776,vm_5,0,1,flow_88,vm_14,61160,1
6.487373,vm_14,0,1,flow_210,vm_0,49310,1
6.487692,vm_10,0,1,flow_161,vm_12,22514,1
6.499792,vm_1,0,1,flow_21,vm_7,24235,1
6.504721,vm_7,0,1,flow_105,vm_0,47735,1
6.507708,vm_11,0,1,flow_165,vm_0,92572,1
6.510888,vm_4,0,1,flow_60,vm_0,32514,1
6.515924,vm_6,0,1,flow_103,vm_14,71564,1
6.522937,vm_5,0,1,flow_89,vm_15,36407,1
6.523366,vm_1,0,1,flow_17,vm_3,96756,1
6.540191,vm_12,0,1,flow_186,vm_6,63588,1
6.540237,vm_0,0,1,flow_9,vm_10,70078,1
6.545234,vm_12,0,1,flow_188,vm_8,20814,1
6.546395,vm_9,0,1,flow_146,vm_12,35301,1
6.550467,vm_6,0,1,flow_92,vm_2,99763,1
6.557206,vm_0,0,1,flow_5,vm_6,53266,1
6.559765,vm_5,0,1,flow_85,vm_11,15889,1
6.559929,vm_0,0,1,flow_1,vm_2,12308,1
6.566034,vm_11,0,1,flow_178,vm_14,34632,1
6.575754,vm_6,0,1,flow_97,vm_8,28187,1
6.581111,vm_5,0,1,flow_83,vm_9,13735,1
6.589409,vm_5,0,1,flow_88,vm_14,70689,1
6.590245,vm_10,0,1,flow_161,vm_12,10920,1
6.594636,vm_6,0,1,flow_103,vm_14,22131,1
6.595522,vm_2,0,1,flow_38,vm_9,18718,1
6.597794,vm_3,0,1,flow_56,vm_12,15429,1
6.59935,vm_6,0,1,flow_91,vm_1,17670,1
6.599767,vm_11,0,1,flow_177,vm_13,13954,1
6.604249,vm_10,0,1,flow_161,vm_12,15927,1
6.60644,vm_0,0,1,flow_14,vm_15,21588,1
6.60946,vm_1,0,1,flow_22,vm_8,20306,1
6.617908,vm_0,0,1,flow_2,vm_3,13203,1
6.624403,vm_6,0,1,flow_99,vm_10,54808,1
6.628714,vm_14,0,1,flow_219,vm_9,19256,1
6.632378,vm_14,0,1,flow_218,vm_8,73999,1
6.636552,vm_11,0,1,flow_172,vm_7,42952,1
6.6475,vm_5,0,1,flow_77,vm_2,12205,1
6.656168,vm_9,0,1,flow_143,vm_8,12246,1
6.658583,vm_10,0,1,flow_154,vm_4,24293,1
6.670678,vm_8,0,1,flow_131,vm_12,50506,1
6.671104,vm_11,0,1,flow_177,vm_13,56250,1
6.680573,vm_2,0,1,flow_38,vm_9,38614,1
6.688433,vm_9,0,1,flow_149,vm_15,27311,1
6.693075,vm_10,0,1,flow_162,vm_13,44728,1
6.695297,vm_10,0,1,flow_150,vm_0,25548,1
6.695569,vm_1,0,1,flow_15,vm_0,10785,1
6.697109,vm_5,0,1,flow_75,vm_0,58062,1
6.70323,vm_11,0,1,flow_175,vm_10,27119,1
6.703514,vm_0,0,1,flow_13,vm_14,11796,1
6.707062,vm_6,0,1,flow_95,vm_5,53503,1
6.712731,vm_6,0,1,flow_101,vm_12,52750,1
6.716724,vm_5,0,1,flow_80,vm_6,99969,1
6.733162,vm_6,0,1,flow_104,vm_15,12563,1
6.740051,vm_1,0,1,flow_26,vm_12,15959,1
6.742565,vm_0,0,1,flow_9,vm_10,76127,1
6.747089,vm_11,0,1,flow_166,vm_1,27780,1
6.747796,vm_4,0,1,flow_62,vm_2,70310,1
6.751868,vm_6,0,1,flow_100,vm_11,36315,1
6.753844,vm_14,0,1,flow_210,vm_0,40187,1
6.754207,vm_6,0,1,flow_91,vm_1,34030,1
6.756582,vm_3,0,1,flow_56,vm_12,69302,1
6.759875,vm_1,0,1,flow_26,vm_12,11046,1
6.778727,vm_9,0,1,flow_135,vm_0,13956,1
6.780323,vm_3,0,1,flow_57,vm_13,26780,1
6.783971,vm_6,0,1,flow_97,vm_8,87886,1
6.7846,vm_11,0,1,flow_169,vm_4,27838,1
6.784799,vm_2,0,1,flow_33,vm_4,70005,1
6.78524,vm_0,0,1,flow_11,vm_12,43355,1
6.78696,vm_0,0,1,flow_3,vm_4,34655,1
6.787203,vm_9,0,1,flow_135,vm_0,42861,1
6.788291,vm_15,0,1,flow_225,vm_0,57389,1
6.789857,vm_2,0,1,flow_33,vm_4,19521,1
6.789982,vm_5,0,1,flow_89,vm_15,41801,1
6.800324,vm_11,0,1,flow_174,vm_9,11805,1
6.801037,vm_11,0,1,flow_178,vm_14,10062,1
6.811238,vm_10,0,1,flow_155,vm_5,19323,1
6.811757,vm_6,0,1,flow_94,vm_4,15428,1
6.820539,vm_0,0,1,flow_1,vm_2,13693,1
6.824233,vm_6,0,1,flow_92,vm_2,46718,1
6.833189,vm_11,0,1,flow_172,vm_7,11992,1
6.840659,vm_11,0,1,flow_167,vm_2,30381,1
6.841019,vm_15,0,1,flow_233,vm_8,19142,1
6.841252,vm_5,0,1,flow_87,vm_13,17275,1
6.847685,vm_4,0,1,flow_67,vm_8,13245,1
6.848111,vm_5,0,1,flow_82,vm_8,56885,1
6.848653,vm_5,0,1,flow_83,vm_9,18453,1
6.851158,vm_0,0,1,flow_11,vm_12,22154,1
6.851214,vm_5,0,1,flow_76,vm_1,16598,1
6.857229,vm_6,0,1,flow_104,vm_15,55844,1
6.860845,vm_6,0,1,flow_101,vm_12,17584,1
6.861259,vm_1,0,1,flow_15,vm_0,14778,1
6.86132,vm_0,0,1,flow_14,vm_15,68788,1
6.863505,vm_0,0,1,flow_0,vm_1,55595,1
6.866979,vm_5,0,1,flow_87,vm_13,25789,1
6.87019,vm_9,0,1,flow_146,vm_12,10338,1
6.872603,vm_11,0,1,flow_168,vm_3,47392,1
6.873706,vm_6,0,1,flow_104,vm_15,22275,1
6.882296,vm_5,0,1,flow_80,vm_6,11279,1
6.883529,vm_0,0,1,flow_13,vm_14,19532,1
6.88394,vm_4,0,1,flow_74,vm_15,12093,1
6.888144,vm_0,0,1,flow_11,vm_12,14472,1
6.888773,vm_0,0,1,flow_14,vm_15,50897,1
6.890055,vm_0,0,1,flow_11,vm_12,22214,1
6.893171,vm_0,0,1,flow_13,vm_14,50713,1
6.893671,vm_9,0,1,flow_141,vm_6,34246,1
6.89482,vm_0,0,1,flow_13,vm_14,14202,1
6.896338,vm_1,0,1,flow_29,vm_15,10721,1
6.911027,vm_9,0,1,flow_135,vm_0,12809,1
6.912407,vm_11,0,1,flow_167,vm_2,78191,1
6.914866,vm_8,0,1,flow_120,vm_0,20405,1
6.92404,vm_11,0,1,flow_176,vm_12,12765,1
6.924081,vm_6,0,1,flow_100,vm_11,12764,1
6.925477,vm_3,0,1,flow_56,vm_12,81544,1
6.925833,vm_13,0,1,flow_207,vm_12,17818,1
6.92709,vm_0,0,1,flow_0,vm_1,86620,1
6.934158,vm_9,0,1,flow_143,vm_8,11014,1
6.942726,vm_8,0,1,flow_131,vm_12,61327,1
6.949202,vm_1,0,1,flow_26,vm_12,92620,1
6.95426,vm_0,0,1,flow_1,vm_2,43506,1
6.962934,vm_11,0,1,flow_174,vm_9,78361,1
6.964183,vm_7,0,1,flow_107,vm_2,24176,1
6.96461,vm_5,0,1,flow_87,vm_13,50121,1
6.969213,vm_10,0,1,flow_150,vm_0,26893,1
6.980825,vm_2,0,1,flow_44,vm_15,34936,1
6.982208,vm_0,0,1,flow_13,vm_14,28196,1
6.992813,vm_2,0,1,flow_31,vm_1,45466,1
7.001162,vm_11,0,1,flow_169,vm_4,68518,1
7.009445,vm_5,0,1,flow_85,vm_11,21689,1
7.01412,vm_11,0,1,flow_175,vm_10,18825,1
7.029109,vm_2,0,1,flow_30,vm_0,12198,1
7.030757,vm_1,0,1,flow_22,vm_8,33259,1
7.037121,vm_10,0,1,flow_150,vm_0,39557,1
7.044791,vm_10,0,1,flow_152,vm_2,16666,1
7.045041,vm_7,0,1,flow_116,vm_12,71508,1
7.046764,vm_15,0,1,flow_227,vm_2,31557,1
7.050931,vm_4,0,1,flow_71,vm_12,12562,1
7.061545,vm_5,0,1,flow_78,vm_3,31892,1
7.067209,vm_11,0,1,flow_173,vm_8,10873,1
7.072254,vm_3,0,1,flow_54,vm_10,83168,1
7.074918,vm_11,0,1,flow_177,vm_13,89842,1
7.100509,vm_6,0,1,flow_101,vm_12,82732,1
7.106229,vm_5,0,1,flow_81,vm_7,14034,1
7.106552,vm_5,0,1,flow_89,vm_15,15996,1
7.108021,vm_5,0,1,flow_83,vm_9,62894,1
7.113568,vm_11,0,1,flow_172,vm_7,82664,1
7.120149,vm_6,0,1,flow_101,vm_12,92169,1
7.131113,vm_14,0,1,flow_224,vm_15,10871,1
7.134031,vm_11,0,1,flow_172,vm_7,20159,1
7.146059,vm_7,0,1,flow_118,vm_14,15684,1
7.150247,vm_1,0,1,flow_26,vm_12,13834,1
7.163979,vm_4,0,1,flow_74,vm_15,24413,1
7.165265,vm_5,0,1,flow_89,vm_15,86563,1
7.166185,vm_6,0,1,flow_104,vm_15,30990,1
7.1663,vm_11,0,1,flow_179,vm_15,17226,1
7.167339,vm_9,0,1,flow_139,vm_4,18097,1
7.169158,vm_0,0,1,flow_10,vm_11,26270,1
7.170628,vm_11,0,1,flow_168,vm_3,16766,1
7.170704,vm_9,0,1,flow_135,vm_0,18358,1
7.172185,vm_11,0,1,flow_177,vm_13,53175,1
7.172564,vm_11,0,1,flow_167,vm_2,27005,1
7.186539,vm_5,0,1,flow_87,vm_13,79458,1
7.189812,vm_0,0,1,flow_10,vm_11,15961,1
7.202461,vm_0,0,1,flow_6,vm_7,47310,1
7.203312,vm_1,0,1,flow_26,vm_12,19956,1
7.207895,vm_10,0,1,flow_164,vm_15,10516,1
7.212505,vm_2,0,1,flow_30,vm_0,12464,1
7.221692,vm_3,0,1,flow_45,vm_0,86636,1
7.227176,vm_6,0,1,flow_102,vm_13,32068,1
7.229942,vm_5,0,1,flow_85,vm_11,31256,1
7.245362,vm_6,0,1,flow_98,vm_9,76096,1
7.246214,vm_0,0,1,flow_14,vm_15,37040,1
7.263336,vm_12,0,1,flow_193,vm_14,28687,1
7.285249,vm_13,0,1,flow_207,vm_12,24609,1
7.285828,vm_5,0,1,flow_77,vm_2,16081,1
7.300575,vm_7,0,1,flow_119,vm_15,89217,1
7.301107,vm_15,0,1,flow_232,vm_7,14384,1
7.322164,vm_6,0,1,flow_99,vm_10,22464,1
7.325071,vm_6,0,1,flow_104,vm_15,28891,1
7.328694,vm_14,0,1,flow_222,vm_12,18493,1
7.331364,vm_6,0,1,flow_100,vm_11,98912,1
7.334435,vm_11,0,1,flow_173,vm_8,11520,1
7.33724,vm_5,0,1,flow_78,vm_3,13727,1
7.36176,vm_5,0,1,flow_77,vm_2,31442,1
7.362401,vm_13,0,1,flow_207,vm_12,61256,1
7.363128,vm_11,0,1,flow_165,vm_0,37886,1
7.367049,vm_9,0,1,flow_143,vm_8,59053,1
7.367764,vm_6,0,1,flow_91,vm_1,45986,1
7.376585,vm_4,0,1,flow_67,vm_8,18413,1
7.378122,vm_4,0,1,flow_74,vm_15,51320,1
7.384612,vm_10,0,1,flow_164,vm_15,58146,1
7.38981,vm_8,0,1,flow_134,vm_15,46843,1
7.392474,vm_2,0,1,flow_41,vm_12,55183,1
7.39635,vm_6,0,1,flow_92,vm_2,75962,1
7.399817,vm_5,0,1,flow_80,vm_6,28226,1
7.400557,vm_8,0,1,flow_124,vm_4,44997,1
7.403778,vm_5,0,1,flow_85,vm_11,45871,1
7.412036,vm_6,0,1,flow_94,vm_4,20699,1
7.421269,vm_6,0,1,flow_102,vm_13,15691,1
7.42421,vm_0,0,1,flow_14,vm_15,32367,1
7.426371,vm_10,0,1,flow_161,vm_12,24148,1
7.427553,vm_11,0,1,flow_176,vm_12,10991,1
7.428099,vm_0,0,1,flow_7,vm_8,77129,1
7.428889,vm_13,0,1,flow_203,vm_8,18485,1
7.432856,vm_0,0,1,flow_4,vm_5,11174,1
7.433363,vm_7,0,1,flow_116,vm_12,69154,1
7.434889,vm_14,0,1,flow_222,vm_12,23182,1
7.444207,vm_0,0,1,flow_9,vm_10,20311,1
7.444628,vm_2,0,1,flow_32,vm_3,57009,1
7.446962,vm_5,0,1,flow_82,vm_8,50315,1
7.450837,vm_7,0,1,flow_105,vm_0,17816,1
7.468383,vm_7,0,1,flow_112,vm_8,12683,1
7.473793,vm_5,0,1,flow_84,vm_10,30014,1
7.474347,vm_11,0,1,flow_179,vm_15,62845,1
7.47608,vm_0,0,1,flow_7,vm_8,92407,1
7.487319,vm_0,0,1,flow_9,vm_10,60008,1
7.492667,vm_12,0,1,flow_188,vm_8,46692,1
7.497438,vm_3,0,1,flow_51,vm_7,60028,1
7.499427,vm_13,0,1,flow_205,vm_10,93689,1
7.501409,vm_4,0,1,flow_60,vm_0,54893,1
7.51642,vm_10,0,1,flow_150,vm_0,54475,1
7.521481,vm_7,0,1,flow_108,vm_3,11492,1
7.527863,vm_10,0,1,flow_157,vm_7,25682,1
7.52812,vm_11,0,1,flow_171,vm_6,67885,1
7.529103,vm_6,0,1,flow_99,vm_10,87852,1
7.532738,vm_11,0,1,flow_176,vm_12,17463,1
7.536939,vm_9,0,1,flow_146,vm_12,18733,1
7.539394,vm_3,0,1,flow_59,vm_15,23224,1
7.544315,vm_11,0,1,flow_168,vm_3,84420,1
7.551116,vm_5,0,1,flow_75,vm_0,37659,1
7.553466,vm_11,0,1,flow_178,vm_14,16314,1
7.55423,vm_13,0,1,flow_206,vm_11,11548,1
7.556163,vm_5,0,1,flow_81,vm_7,42631,1
7.557481,vm_11,0,1,flow_165,vm_0,10977,1
7.559344,vm_3,0,1,flow_59,vm_15,32130,1
7.563354,vm_1,0,1,flow_26,vm_12,42880,1
7.564955,vm_6,0,1,flow_95,vm_5,33988,1
7.56601,vm_6,0,1,flow_102,vm_13,49155,1
7.566287,vm_0,0,1,flow_6,vm_7,50395,1
7.571382,vm_11,0,1,flow_165,vm_0,11827,1
7.573944,vm_14,0,1,flow_222,vm_12,57556,1
7.587879,vm_11,0,1,flow_168,vm_3,26419,1
7.591042,vm_4,0,1,flow_67,vm_8,30342,1
7.596323,vm_3,0,1,flow_52,vm_8,21278,1
7.598578,vm_0,0,1,flow_14,vm_15,24322,1
7.599064,vm_11,0,1,flow_173,vm_8,10976,1
7.60347,vm_5,0,1,flow_78,vm_3,26900,1
7.605621,vm_4,0,1,flow_61,vm_1,13314,1
7.608678,vm_2,0,1,flow_44,vm_15,21776,1
7.612026,vm_0,0,1,flow_1,vm_2,64436,1
7.614409,vm_5,0,1,flow_78,vm_3,77010,1
7.627083,vm_11,0,1,flow_177,vm_13,11599,1
7.630817,vm_10,0,1,flow_158,vm_8,65871,1
7.634334,vm_14,0,1,flow_213,vm_3,16416,1
7.637779,vm_11,0,1,flow_168,vm_3,83900,1
7.67911,vm_13,0,1,flow_207,vm_12,14285,1
7.68373,vm_11,0,1,flow_165,vm_0,67125,1
7.698481,vm_4,0,1,flow_71,vm_12,12139,1
7.707112,vm_6,0,1,flow_99,vm_10,12398,1
7.710889,vm_4,0,1,flow_71,vm_12,17830,1
7.712421,vm_5,0,1,flow_89,vm_15,21927,1
7.713501,vm_11,0,1,flow_179,vm_15,20034,1
7.734887,vm_4,0,1,flow_61,vm_1,12242,1
7.734917,vm_0,0,1,flow_4,vm_5,29342,1
7.737888,vm_1,0,1,flow_24,vm_10,10407,1
7.737987,vm_6,0,1,flow_103,vm_14,74307,1
7.740091,vm_13,0,1,flow_207,vm_12,12516,1
7.740927,vm_13,0,1,flow_207,vm_12,19528,1
7.744373,vm_4,0,1,flow_71,vm_12,35236,1
7.761204,vm_5,0,1,flow_87,vm_13,82522,1
7.761556,vm_11,0,1,flow_179,vm_15,38133,1
7.761996,vm_0,0,1,flow_1,vm_2,57043,1
7.766997,vm_0,0,1,flow_3,vm_4,11444,1
7.775985,vm_6,0,1,flow_96,vm_7,49338,1
7.781043,vm_10,0,1,flow_155,vm_5,12517,1
7.788518,vm_3,0,1,flow_52,vm_8,61598,1
7.7946,vm_10,0,1,flow_158,vm_8,60169,1
7.794681,vm_6,0,1,flow_103,vm_14,20792,1
7.804774,vm_1,0,1,flow_27,vm_13,78366,1
7.809405,vm_0,0,1,flow_9,vm_10,42016,1
7.813738,vm_7,0,1,flow_107,vm_2,32922,1
7.81394,vm_3,0,1,flow_56,vm_12,57168,1
7.815484,vm_7,0,1,flow_112,vm_8,21502,1
7.827265,vm_13,0,1,flow_203,vm_8,13979,1
7.830021,vm_15,0,1,flow_229,vm_4,39885,1
7.839729,vm_6,0,1,flow_99,vm_10,59323,1
7.84911,vm_6,0,1,flow_103,vm_14,87079,1
7.858342,vm_6,0,1,flow_91,vm_1,77280,1
7.858497,vm_7,0,1,flow_112,vm_8,65223,1
7.863228,vm_5,0,1,flow_75,vm_0,25074,1
7.865577,vm_11,0,1,flow_177,vm_13,10506,1
7.874636,vm_0,0,1,flow_5,vm_6,14383,1
7.874751,vm_9,0,1,flow_145,vm_11,65303,1
7.875736,vm_10,0,1,flow_150,vm_0,13327,1
7.87637,vm_12,0,1,flow_188,vm_8,39474,1
7.878857,vm_5,0,1,flow_88,vm_14,88044,1
7.897719,vm_8,0,1,flow_132,vm_13,53144,1
7.910164,vm_8,0,1,flow_134,vm_15,15511,1
7.91024,vm_9,0,1,flow_148,vm_14,22100,1
7.915617,vm_11,0,1,flow_166,vm_1,87200,1
7.92121,vm_13,0,1,flow_207,vm_12,36182,1
7.928946,vm_11,0,1,flow_170,vm_5,19742,1
7.930373,vm_9,0,1,flow_145,vm_11,12575,1
7.933375,vm_3,0,1,flow_59,vm_15,21289,1
7.939483,vm_6,0,1,flow_96,vm_7,19973,1
7.949337,vm_12,0,1,flow_180,vm_0,84192,1
7.961097,vm_6,0,1,flow_91,vm_1,43950,1
7.961663,vm_10,0,1,flow_156,vm_6,45776,1
7.970026,vm_2,0,1,flow_42,vm_13,46782,1
7.975517,vm_11,0,1,flow_166,vm_1,43702,1
7.979548,vm_2,0,1,flow_41,vm_12,26205,1
7.984868,vm_7,0,1,flow_116,vm_12,79663,1
7.996091,vm_7,0,1,flow_116,vm_12,44622,1
8.000752,vm_9,0,1,flow_143,vm_8,82740,1
8.007715,vm_13,0,1,flow_207,vm_12,25961,1
8.009602,vm_7,0,1,flow_108,vm_3,20236,1
8.014965,vm_6,0,1,flow_102,vm_13,65502,1
8.018778,vm_7,0,1,flow_112,vm_8,61649,1
8.019417,vm_13,0,1,flow_203,vm_8,80404,1
8.024479,vm_3,0,1,flow_56,vm_12,10869,1
8.026762,vm_6,0,1,flow_90,vm_0,11252,1
8.036688,vm_10,0,1,flow_162,vm_13,43579,1
8.037514,vm_0,0,1,flow_3,vm_4,11884,1
8.040863,vm_5,0,1,flow_79,vm_4,44171,1
8.044894,vm_11,0,1,flow_170,vm_5,10777,1
8.058857,vm_3,0,1,flow_45,vm_0,83665,1
8.060868,vm_6,0,1,flow_99,vm_10,10995,1
8.06536,vm_0,0,1,flow_0,vm_1,20859,1
8.070786,vm_5,0,1,flow_83,vm_9,42321,1
8.071142,vm_5,0,1,flow_80,vm_6,11952,1
8.075448,vm_0,0,1,flow_14,vm_15,13563,1
8.080178,vm_9,0,1,flow_135,vm_0,64244,1
8.093727,vm_4,0,1,flow_71,vm_12,41377,1
8.102442,vm_12,0,1,flow_180,vm_0,45214,1
8.102662,vm_6,0,1,flow_97,vm_8,24030,1
8.111353,vm_11,0,1,flow_168,vm_3,33398,1
8.113502,vm_1,0,1,flow_27,vm_13,33869,1
8.114732,vm_2,0,1,flow_30,vm_0,12007,1
8.120385,vm_15,0,1,flow_231,vm_6,31565,1
8.12843,vm_11,0,1,flow_174,vm_9,16428,1
8.135406,vm_15,0,1,flow_237,vm_12,13269,1
8.147674,vm_10,0,1,flow_161,vm_12,20168,1
8.15652,vm_6,0,1,flow_94,vm_4,34324,1
8.15739,vm_14,0,1,flow_210,vm_0,29889,1
8.159609,vm_7,0,1,flow_115,vm_11,26087,1
8.162993,vm_11,0,1,flow_174,vm_9,58012,1
8.164909,vm_12,0,1,flow_194,vm_15,35028,1
8.177583,vm_4,0,1,flow_74,vm_15,71599,1
8.184763,vm_15,0,1,flow_237,vm_12,33402,1
8.191465,vm_6,0,1,flow_100,vm_11,10465,1
8.21663,vm_15,0,1,flow_237,vm_12,18304,1
8.220879,vm_0,0,1,flow_9,vm_10,42508,1
8.224699,vm_0,0,1,flow_9,vm_10,10159,1
8.226038,vm_0,0,1,flow_11,vm_12,14342,1
8.229637,vm_6,0,1,flow_97,vm_8,22930,1
8.232288,vm_9,0,1,flow_138,vm_3,55310,1
8.232519,vm_0,0,1,flow_13,vm_14,67345,1
8.233333,vm_0,0,1,flow_8,vm_9,77566,1
8.240835,vm_0,0,1,flow_6,vm_7,10617,1
8.248518,vm_6,0,1,flow_104,vm_15,17197,1
8.265818,vm_6,0,1,flow_102,vm_13,29460,1
8.271545,vm_11,0,1,flow_165,vm_0,61505,1
8.276876,vm_11,0,1,flow_171,vm_6,51659,1
8.297469,vm_0,0,1,flow_13,vm_14,43238,1
8.298137,vm_3,0,1,flow_45,vm_0,66713,1
8.311798,vm_11,0,1,flow_165,vm_0,59444,1
8.312473,vm_0,0,1,flow_3,vm_4,38055,1
8.316322,vm_6,0,1,flow_101,vm_12,76056,1
8.318727,vm_15,0,1,flow_225,vm_0,86203,1
8.319678,vm_14,0,1,flow_224,vm_15,12567,1
8.320404,vm_3,0,1,flow_45,vm_0,33310,1
8.322184,vm_0,0,1,flow_3,vm_4,59869,1
8.329021,vm_9,0,1,flow_135,vm_0,64735,1
8.350305,vm_14,0,1,flow_222,vm_12,27381,1
8.356149,vm_0,0,1,flow_13,vm_14,10666,1
8.357073,vm_0,0,1,flow_3,vm_4,11176,1
8.360314,vm_0,0,1,flow_0,vm_1,89369,1
8.366128,vm_4,0,1,flow_64,vm_5,18023,1
8.366611,vm_6,0,1,flow_103,vm_14,12802,1
8.371155,vm_4,0,1,flow_66,vm_7,12554,1
8.382122,vm_0,0,1,flow_1,vm_2,27914,1
8.387536,vm_1,0,1,flow_22,vm_8,26932,1
8.38863,vm_4,0,1,flow_60,vm_0,33776,1
8.3916,vm_15,0,1,flow_233,vm_8,71611,1
8.393249,vm_11,0,1,flow_174,vm_9,36532,1
8.403532,vm_14,0,1,flow_210,vm_0,67390,1
8.406879,vm_6,0,1,flow_94,vm_4,45329,1
8.416275,vm_6,0,1,flow_99,vm_10,14019,1
8.421722,vm_5,0,1,flow_87,vm_13,59571,1
8.429849,vm_0,0,1,flow_13,vm_14,17526,1
8.433689,vm_12,0,1,flow_188,vm_8,27538,1
8.436042,vm_5,0,1,flow_85,vm_11,14063,1
8.443107,vm_6,0,1,flow_100,vm_11,36615,1
8.445457,vm_0,0,1,flow_11,vm_12,11531,1
8.446663,vm_13,0,1,flow_206,vm_11,18670,1
8.449277,vm_14,0,1,flow_218,vm_8,33264,1
8.449689,vm_13,0,1,flow_203,vm_8,54707,1
8.452757,vm_0,0,1,flow_11,vm_12,27201,1
8.454503,vm_11,0,1,flow_165,vm_0,18761,1
8.456245,vm_11,0,1,flow_169,vm_4,69484,1
8.459724,vm_9,0,1,flow_143,vm_8,11017,1
8.46037,vm_15,0,1,flow_237,vm_12,22679,1
8.477613,vm_3,0,1,flow_45,vm_0,37715,1
8.482814,vm_1,0,1,flow_22,vm_8,32729,1
8.487689,vm_0,0,1,flow_11,vm_12,21450,1
8.492275,vm_5,0,1,flow_75,vm_0,11907,1
8.496203,vm_0,0,1,flow_13,vm_14,37381,1
8.497903,vm_9,0,1,flow_146,vm_12,48350,1
8.504216,vm_11,0,1,flow_167,vm_2,98543,1
8.508854,vm_10,0,1,flow_150,vm_0,70537,1
8.511498,vm_0,0,1,flow_9,vm_10,49014,1
8.517892,vm_6,0,1,flow_99,vm_10,64616,1
8.518831,vm_11,0,1,flow_171,vm_6,43483,1
8.526277,vm_6,0,1,flow_104,vm_15,28449,1
8.5279,vm_6,0,1,flow_92,vm_2,26272,1
8.535358,vm_6,0,1,flow_96,vm_7,68388,1
8.537629,vm_5,0,1,flow_89,vm_15,58907,1
8.539984,vm_6,0,1,flow_98,vm_9,14027,1
8.540705,vm_5,0,1,flow_78,vm_3,25559,1
8.549478,vm_0,0,1,flow_3,vm_4,14853,1
8.553401,vm_13,0,1,flow_195,vm_0,25734,1
8.556857,vm_10,0,1,flow_158,vm_8,96624,1
8.557152,vm_5,0,1,flow_89,vm_15,54818,1
8.559521,vm_2,0,1,flow_44,vm_15,19243,1
8.568133,vm_1,0,1,flow_26,vm_12,58327,1
8.570934,vm_5,0,1,flow_86,vm_12,99154,1
8.576587,vm_11,0,1,flow_167,vm_2,35786,1
8.593393,vm_5,0,1,flow_83,vm_9,23834,1
8.597445,vm_11,0,1,flow_168,vm_3,71409,1
8.59967,vm_15,0,1,flow_233,vm_8,64015,1
8.604257,vm_0,0,1,flow_8,vm_9,13401,1
8.605608,vm_8,0,1,flow_131,vm_12,54947,1
8.609703,vm_5,0,1,flow_84,vm_10,30997,1
8.622939,vm_3,0,1,flow_55,vm_11,79157,1
8.637126,vm_3,0,1,flow_52,vm_8,58451,1
8.639802,vm_5,0,1,flow_77,vm_2,34863,1
8.643603,vm_5,0,1,flow_89,vm_15,70295,1
8.67462,vm_1,0,1,flow_15,vm_0,36106,1
8.689448,vm_1,0,1,flow_18,vm_4,30210,1
8.699656,vm_1,0,1,flow_15,vm_0,20113,1
8.705729,vm_15,0,1,flow_226,vm_1,91537,1
8.706357,vm_6,0,1,flow_93,vm_3,16732,1
8.711552,vm_0,0,1,flow_10,vm_11,63148,1
8.727823,vm_0,0,1,flow_4,vm_5,50234,1
8.735258,vm_4,0,1,flow_67,vm_8,34886,1
8.740743,vm_7,0,1,flow_116,vm_12,55082,1
8.744133,vm_9,0,1,flow_143,vm_8,18100,1
8.747817,vm_8,0,1,flow_128,vm_9,35859,1
8.758388,vm_2,0,1,flow_37,vm_8,30899,1
8.761114,vm_9,0,1,flow_146,vm_12,17055,1
8.767883,vm_0,0,1,flow_10,vm_11,86115,1
8.779026,vm_14,0,1,flow_224,vm_15,15896,1
8.782086,vm_11,0,1,flow_172,vm_7,38693,1
8.788126,vm_11,0,1,flow_175,vm_10,98576,1
8.795715,vm_5,0,1,flow_87,vm_13,24227,1
8.796095,vm_5,0,1,flow_82,vm_8,55509,1
8.812569,vm_14,0,1,flow_222,vm_12,24536,1
8.81425,vm_0,0,1,flow_6,vm_7,44928,1
8.814426,vm_6,0,1,flow_92,vm_2,23338,1
8.827581,vm_6,0,1,flow_102,vm_13,63198,1
8.832843,vm_4,0,1,flow_67,vm_8,43214,1
8.83766,vm_0,0,1,flow_11,vm_12,18950,1
8.839639,vm_11,0,1,flow_165,vm_0,10022,1
8.840332,vm_0,0,1,flow_2,vm_3,13047,1
8.841218,vm_6,0,1,flow_96,vm_7,13393,1
8.851436,vm_10,0,1,flow_154,vm_4,19401,1
8.852788,vm_11,0,1,flow_177,vm_13,34876,1
8.859357,vm_5,0,1,flow_81,vm_7,78594,1
8.860911,vm_15,0,1,flow_238,vm_13,41912,1
8.869809,vm_6,0,1,flow_92,vm_2,39019,1
8.872782,vm_8,0,1,flow_124,vm_4,27385,1
8.873381,vm_8,0,1,flow_126,vm_6,28549,1
8.874048,vm_14,0,1,flow_210,vm_0,13143,1
8.87477,vm_8,0,1,flow_131,vm_12,60650,1
8.875761,vm_6,0,1,flow_100,vm_11,31675,1
8.89162,vm_11,0,1,flow_176,vm_12,28085,1
8.893142,vm_11,0,1,flow_168,vm_3,21987,1
8.901897,vm_4,0,1,flow_63,vm_3,18977,1
8.910242,vm_9,0,1,flow_146,vm_12,30456,1
8.916185,vm_0,0,1,flow_1,vm_2,13196,1
8.924577,vm_5,0,1,flow_76,vm_1,96110,1
8.938446,vm_15,0,1,flow_230,vm_5,19411,1
8.951043,vm_12,0,1,flow_186,vm_6,21717,1
8.955271,vm_11,0,1,flow_174,vm_9,65259,1
8.958234,vm_9,0,1,flow_139,vm_4,33150,1
8.959986,vm_5,0,1,flow_76,vm_1,23795,1
8.961122,vm_0,0,1,flow_4,vm_5,26893,1
8.961439,vm_6,0,1,flow_97,vm_8,73894,1
8.966719,vm_2,0,1,flow_30,vm_0,29695,1
8.969447,vm_6,0,1,flow_90,vm_0,39886,1
8.979169,vm_6,0,1,flow_95,vm_5,18540,1
8.984534,vm_6,0,1,flow_95,vm_5,24244,1
8.99479,vm_7,0,1,flow_112,vm_8,11480,1
8.999656,vm_15,0,1,flow_237,vm_12,10227,1
9.004277,vm_0,0,1,flow_10,vm_11,11023,1
9.008151,vm_15,0,1,flow_233,vm_8,45025,1
9.008419,vm_13,0,1,flow_203,vm_8,18074,1
9.00951,vm_6,0,1,flow_93,vm_3,21698,1
9.013258,vm_10,0,1,flow_163,vm_14,75651,1
9.021956,vm_15,0,1,flow_238,vm_13,17937,1
9.023192,vm_6,0,1,flow_98,vm_9,86062,1
9.026615,vm_15,0,1,flow_236,vm_11,11136,1
9.038273,vm_13,0,1,flow_207,vm_12,54801,1
9.039233,vm_10,0,1,flow_164,vm_15,55838,1
9.040759,vm_0,0,1,flow_1,vm_2,72785,1
9.041843,vm_1,0,1,flow_26,vm_12,68858,1
9.048805,vm_11,0,1,flow_166,vm_1,35453,1
9.05808,vm_7,0,1,flow_105,vm_0,29664,1
9.073618,vm_10,0,1,flow_150,vm_0,19334,1
9.080399,vm_8,0,1,flow_120,vm_0,32522,1
9.09101,vm_13,0,1,flow_209,vm_15,31012,1
9.098788,vm_5,0,1,flow_81,vm_7,10159,1
9.109889,vm_6,0,1,flow_91,vm_1,86521,1
9.110234,vm_13,0,1,flow_199,vm_4,39511,1
9.110329,vm_0,0,1,flow_5,vm_6,27365,1
9.111489,vm_2,0,1,flow_32,vm_3,14680,1
9.124819,vm_12,0,1,flow_180,vm_0,67051,1
9.12531,vm_2,0,1,flow_37,vm_8,42528,1
9.136125,vm_11,0,1,flow_168,vm_3,39065,1
9.138517,vm_3,0,1,flow_56,vm_12,97435,1
9.147026,vm_6,0,1,flow_101,vm_12,62786,1
9.1511,vm_10,0,1,flow_161,vm_12,24578,1
9.152548,vm_11,0,1,flow_166,vm_1,37714,1
9.152789,vm_0,0,1,flow_8,vm_9,21196,1
9.153656,vm_1,0,1,flow_19,vm_5,58796,1
9.159732,vm_10,0,1,flow_161,vm_12,92915,1
9.163627,vm_5,0,1,flow_89,vm_15,82101,1
9.163813,vm_7,0,1,flow_105,vm_0,46612,1
9.164077,vm_5,0,1,flow_82,vm_8,13767,1
9.165729,vm_0,0,1,flow_10,vm_11,12532,1
9.165837,vm_15,0,1,flow_236,vm_11,59695,1
9.174899,vm_15,0,1,flow_233,vm_8,47948,1
9.181872,vm_13,0,1,flow_195,vm_0,10904,1
9.190104,vm_11,0,1,flow_176,vm_12,49337,1
9.196031,vm_6,0,1,flow_97,vm_8,11200,1
9.215874,vm_5,0,1,flow_88,vm_14,14827,1
9.216697,vm_1,0,1,flow_27,vm_13,20242,1
9.21715,vm_12,0,1,flow_182,vm_2,73153,1
9.217332,vm_12,0,1,flow_180,vm_0,42153,1
9.223787,vm_8,0,1,flow_123,vm_3,91471,1
9.228354,vm_6,0,1,flow_104,vm_15,32910,1
9.24161,vm_12,0,1,flow_186,vm_6,43075,1
9.243314,vm_11,0,1,flow_173,vm_8,15823,1
9.247484,vm_0,0,1,flow_4,vm_5,43819,1
9.250861,vm_6,0,1,flow_91,vm_1,19170,1
9.251636,vm_11,0,1,flow_174,vm_9,43716,1
9.253289,vm_7,0,1,flow_116,vm_12,22695,1
9.255667,vm_5,0,1,flow_89,vm_15,46521,1
9.26742,vm_11,0,1,flow_171,vm_6,37505,1
9.267734,vm_1,0,1,flow_20,vm_6,47803,1
9.269682,vm_0,0,1,flow_3,vm_4,12197,1
9.27538,vm_6,0,1,flow_98,vm_9,46539,1
9.277774,vm_6,0,1,flow_95,vm_5,80326,1
9.288371,vm_5,0,1,flow_83,vm_9,15259,1
9.295017,vm_0,0,1,flow_10,vm_11,13893,1
9.308052,vm_8,0,1,flow_123,vm_3,62165,1
9.322682,vm_14,0,1,flow_218,vm_8,90592,1
9.328105,vm_4,0,1,flow_67,vm_8,29334,1
9.336135,vm_4,0,1,flow_67,vm_8,12885,1
9.341551,vm_0,0,1,flow_14,vm_15,24412,1
9.344533,vm_13,0,1,flow_195,vm_0,36498,1
9.345235,vm_13,0,1,flow_209,vm_15,73429,1
9.350831,vm_5,0,1,flow_75,vm_0,81057,1
9.359374,vm_6,0,1,flow_103,vm_14,17084,1
9.370701,vm_8,0,1,flow_120,vm_0,20467,1
9.381359,vm_13,0,1,flow_195,vm_0,49116,1
9.384566,vm_13,0,1,flow_203,vm_8,19833,1
9.385699,vm_2,0,1,flow_44,vm_15,38544,1
9.4024,vm_6,0,1,flow_99,vm_10,48355,1
9.403857,vm_5,0,1,flow_89,vm_15,67684,1
9.407242,vm_0,0,1,flow_9,vm_10,34483,1
9.413473,vm_4,0,1,flow_67,vm_8,41881,1
9.419804,vm_7,0,1,flow_119,vm_15,50226,1
9.425824,vm_5,0,1,flow_80,vm_6,28712,1
9.432915,vm_6,0,1,flow_91,vm_1,58601,1
9.435238,vm_0,0,1,flow_4,vm_5,21018,1
9.435281,vm_11,0,1,flow_165,vm_0,92328,1
9.437977,vm_9,0,1,flow_143,vm_8,63593,1
9.443273,vm_1,0,1,flow_29,vm_15,12054,1
9.445511,vm_10,0,1,flow_157,vm_7,84749,1
9.455867,vm_6,0,1,flow_100,vm_11,33563,1
9.460587,vm_5,0,1,flow_83,vm_9,18065,1
9.461619,vm_9,0,1,flow_135,vm_0,11543,1
9.463271,vm_1,0,1,flow_19,vm_5,42476,1
9.464893,vm_12,0,1,flow_194,vm_15,21183,1
9.472858,vm_5,0,1,flow_87,vm_13,67961,1
9.478603,vm_0,0,1,flow_11,vm_12,28807,1
9.483612,vm_5,0,1,flow_75,vm_0,73676,1
9.485714,vm_6,0,1,flow_101,vm_12,21287,1
9.48574,vm_0,0,1,flow_2,vm_3,21994,1
9.489587,vm_12,0,1,flow_194,vm_15,27585,1
9.490325,vm_13,0,1,flow_199,vm_4,33069,1
9.490697,vm_0,0,1,flow_10,vm_11,80314,1
9.491454,vm_4,0,1,flow_64,vm_5,61540,1
9.491952,vm_5,0,1,flow_81,vm_7,29622,1
9.495399,vm_0,0,1,flow_8,vm_9,36297,1
9.497784,vm_9,0,1,flow_146,vm_12,28191,1
9.498947,vm_5,0,1,flow_76,vm_1,21542,1
